# energy grid [eV]     epsi_x  epsi_y  epsi_z
#
    0.000000000    0.000000000    0.000000000    0.000000000
    0.060120240    0.013842492    0.013842494    0.013842502
    0.120240481    0.027737213    0.027737218    0.027737234
    0.180360721    0.041736942    0.041736948    0.041736973
    0.240480962    0.055895562    0.055895570    0.055895604
    0.300601202    0.070268649    0.070268660    0.070268702
    0.360721443    0.084914090    0.084914102    0.084914155
    0.420841683    0.099892751    0.099892765    0.099892829
    0.480961924    0.115269218    0.115269234    0.115269309
    0.541082164    0.131112619    0.131112635    0.131112723
    0.601202405    0.147497552    0.147497569    0.147497672
    0.661322645    0.164505158    0.164505176    0.164505294
    0.721442886    0.182224347    0.182224365    0.182224501
    0.781563126    0.200753244    0.200753260    0.200753418
    0.841683367    0.220200884    0.220200899    0.220201080
    0.901803607    0.240689235    0.240689248    0.240689455
    0.961923848    0.262355617    0.262355626    0.262355864
    1.022044088    0.285355626    0.285355631    0.285355905
    1.082164329    0.309866700    0.309866699    0.309867014
    1.142284569    0.336092493    0.336092483    0.336092847
    1.202404810    0.364268290    0.364268269    0.364268689
    1.262525050    0.394667775    0.394667740    0.394668227
    1.322645291    0.427611562    0.427611509    0.427612076
    1.382765531    0.463478050    0.463477974    0.463478637
    1.442885772    0.502717392    0.502717286    0.502718064
    1.503006012    0.545869654    0.545869512    0.545870428
    1.563126253    0.593588742    0.593588552    0.593589638
    1.623246493    0.646674301    0.646674049    0.646675344
    1.683366733    0.706114903    0.706114573    0.706116128
    1.743486974    0.773147421    0.773146988    0.773148869
    1.803607214    0.849340081    0.849339514    0.849341808
    1.863727455    0.936710893    0.936710149    0.936712974
    1.923847695    1.037900141    1.037899161    1.037902678
    1.983967936    1.156427629    1.156426328    1.156430762
    2.044088176    1.297086604    1.297084862    1.297090530
    2.104208417    1.466565250    1.466562888    1.466570255
    2.164328657    1.674460830    1.674457579    1.674467339
    2.224448898    1.934999321    1.934994759    1.935007989
    2.284569138    2.270082305    2.270075747    2.270094176
    2.344689379    2.714965233    2.714955518    2.714982054
    2.404809619    3.329473051    3.329458100    3.329497900
    2.464929860    4.221672424    4.221648274    4.221711088
    2.525050100    5.601614338    5.601572868    5.601678526
    2.585170341    7.912066498    7.911989729    7.912181842
    2.645290581   12.151433651   12.151280173   12.151658795
    2.705410822   20.425892979   20.425588111   20.426335468
    2.765531062   33.628662639   33.628324688   33.629182117
    2.825651303   37.236578050   37.236831934   37.236323414
    2.885771543   25.489789119   25.490182896   25.489312950
    2.945891784   16.613052174   16.613272704   16.612783626
    3.006012024   12.849961267   12.850082979   12.849811897
    3.066132265   12.077823641   12.077907616   12.077715037
    3.126252505   13.537897593   13.537980505   13.537778136
    3.186372745   17.725737871   17.725851922   17.725555999
    3.246492986   25.362238468   25.362347319   25.362053768
    3.306613226   32.171376526   32.171262796   32.171553322
    3.366733467   38.132115065   38.131944911   38.132378271
    3.426853707   52.239205321   52.239234003   52.239220807
    3.486973948   74.191706766   74.192022438   74.191428006
    3.547094188   89.626118166   89.626516381   89.625898161
    3.607214429   83.498182324   83.498298369   83.498146158
    3.667334669   67.700514656   67.700585623   67.700469163
    3.727454910   66.554020038   66.554124352   66.553934070
    3.787575150   60.951587141   60.951463986   60.951636110
    3.847695391   40.639775495   40.639633070   40.639876448
    3.907815631   25.380178469   25.380105757   25.380229873
    3.967935872   17.806508627   17.806474188   17.806525584
    4.028056112   14.144966396   14.144928210   14.144988182
    4.088176353   11.333130882   11.333086932   11.333165759
    4.148296593    9.175858288    9.175834302    9.175879956
    4.208416834    8.061537011    8.061526907    8.061550032
    4.268537074    7.991694145    7.991694408    7.991702156
    4.328657315    9.029108646    9.029124836    9.029108610
    4.388777555   11.475757698   11.475794659   11.475749729
    4.448897796   15.592048149   15.592048560   15.592112483
    4.509018036   18.592769817   18.592687884   18.592932768
    4.569138277   17.697738283   17.697720002   17.697779105
    4.629258517   14.642130104   14.642106300   14.642152597
    4.689378758   13.071436782   13.071378464   13.071486127
    4.749498998   14.228075938   14.227975205   14.228166405
    4.809619238   16.949909431   16.949880510   16.949945340
    4.869739479   15.731459274   15.731556925   15.731388107
    4.929859719   14.529288872   14.529352324   14.529242747
    4.989979960   14.279640947   14.279636859   14.279655635
    5.050100200   13.340417757   13.340357330   13.340481993
    5.110220441   12.227349066   12.227312614   12.227373320
    5.170340681   10.943864449   10.943855016   10.943854941
    5.230460922   11.554556368   11.554540834   11.554545921
    5.290581162   15.495017464   15.494984630   15.495008361
    5.350701403   21.701314834   21.701271640   21.701320813
    5.410821643   23.919207006   23.919183746   23.919223343
    5.470941884   23.472560954   23.472574161   23.472546615
    5.531062124   21.198713140   21.198793360   21.198652079
    5.591182365   17.684070295   17.684133036   17.684030841
    5.651302605   15.389524624   15.389560276   15.389501527
    5.711422846   14.142725725   14.142736853   14.142704767
    5.771543086   13.465588560   13.465569637   13.465589929
    5.831663327   11.808456761   11.808455015   11.808468756
    5.891783567    9.657242903    9.657267816    9.657237666
    5.951903808    9.449141510    9.449158231    9.449136544
    6.012024048    9.584954010    9.584942771    9.584963253
    6.072144289    9.074964139    9.074930066    9.074983665
    6.132264529    9.050602989    9.050585240    9.050599012
    6.192384770    8.771724390    8.771733431    8.771719480
    6.252505010    7.168631301    7.168645997    7.168633737
    6.312625251    6.141337750    6.141348399    6.141341641
    6.372745491    5.736044224    5.736054609    5.736044380
    6.432865731    4.659799853    4.659807324    4.659797040
    6.492985972    3.478700184    3.478694565    3.478702781
    6.553106212    2.566520949    2.566515586    2.566523457
    6.613226453    2.071310233    2.071308183    2.071311240
    6.673346693    1.864251245    1.864251415    1.864251173
    6.733466934    1.884855009    1.884857451    1.884853770
    6.793587174    2.188731621    2.188737593    2.188728439
    6.853707415    2.846164586    2.846172536    2.846158781
    6.913827655    3.478687610    3.478689746    3.478681670
    6.973947896    3.418214204    3.418202709    3.418220722
    7.034068136    2.672236817    2.672221269    2.672248710
    7.094188377    2.315124914    2.315109910    2.315137099
    7.154308617    2.568294566    2.568272771    2.568313305
    7.214428858    3.358562262    3.358540196    3.358580470
    7.274549098    3.705909533    3.705922385    3.705892530
    7.334669339    3.382588444    3.382603727    3.382568391
    7.394789579    3.039491850    3.039481702    3.039500462
    7.454909820    2.826452876    2.826426581    2.826479375
    7.515030060    3.083003376    3.082984769    3.083017859
    7.575150301    2.809362055    2.809381237    2.809330764
    7.635270541    2.199779653    2.199795635    2.199753775
    7.695390782    1.939777909    1.939789285    1.939760368
    7.755511022    1.938864242    1.938875484    1.938847621
    7.815631263    2.071891714    2.071892783    2.071885080
    7.875751503    2.057329796    2.057329614    2.057326733
    7.935871743    2.043278025    2.043281590    2.043273698
    7.995991984    1.867829481    1.867832291    1.867827612
    8.056112224    1.658391186    1.658394304    1.658389052
    8.116232465    1.797366885    1.797372225    1.797362702
    8.176352705    2.408405215    2.408414299    2.408397818
    8.236472946    3.348036146    3.348042233    3.348030300
    8.296593186    3.914879519    3.914879004    3.914879156
    8.356713427    3.818597375    3.818591043    3.818606562
    8.416833667    2.941265042    2.941258788    2.941273318
    8.476953908    2.388680682    2.388677326    2.388685889
    8.537074148    2.121681063    2.121681798    2.121684309
    8.597194389    2.227289744    2.227292419    2.227292582
    8.657314629    2.350420367    2.350419929    2.350425473
    8.717434870    2.291359545    2.291362709    2.291358739
    8.777555110    2.210339160    2.210334720    2.210345301
    8.837675351    1.920663156    1.920657535    1.920671159
    8.897795591    1.585657828    1.585655339    1.585663047
    8.957915832    1.337120115    1.337117325    1.337124640
    9.018036072    1.116332132    1.116330254    1.116335142
    9.078156313    1.068351843    1.068351468    1.068353212
    9.138276553    1.231546404    1.231547753    1.231546519
    9.198396794    1.662548699    1.662551882    1.662547981
    9.258517034    2.106796728    2.106800612    2.106795860
    9.318637275    2.246148759    2.246151954    2.246149074
    9.378757515    2.350309958    2.350314650    2.350307671
    9.438877756    2.527472256    2.527472745    2.527473190
    9.498997996    2.460006002    2.459993337    2.460016013
    9.559118236    1.984061994    1.984055729    1.984066708
    9.619238477    1.605825109    1.605821092    1.605827948
    9.679358717    1.364027176    1.364026394    1.364026808
    9.739478958    1.067432235    1.067433422    1.067430595
    9.799599198    0.944621164    0.944620394    0.944621534
    9.859719439    0.958521040    0.958520239    0.958522087
    9.919839679    0.797813036    0.797815602    0.797811696
    9.979959920    0.577137538    0.577140035    0.577135908
   10.040080160    0.447503248    0.447504550    0.447502398
   10.100200401    0.382669725    0.382670378    0.382669317
   10.160320641    0.355524851    0.355525202    0.355524645
   10.220440882    0.357476186    0.357476364    0.357476109
   10.280561122    0.392727677    0.392727666    0.392727782
   10.340681363    0.478044215    0.478044092    0.478044465
   10.400801603    0.574138059    0.574138284    0.574138194
   10.460921844    0.550974816    0.550975478    0.550974769
   10.521042084    0.529487261    0.529487860    0.529487371
   10.581162325    0.598309666    0.598309344    0.598310664
   10.641282565    0.754664702    0.754662129    0.754667826
   10.701402806    1.030178394    1.030175050    1.030181920
   10.761523046    1.316821248    1.316818792    1.316822196
   10.821643287    1.625441796    1.625439782    1.625443019
   10.881763527    1.788531100    1.788533364    1.788526911
   10.941883768    1.739718913    1.739723388    1.739710236
   11.002004008    1.458841819    1.458842740    1.458835873
   11.062124248    1.195028984    1.195027557    1.195026857
   11.122244489    0.996990550    0.996987701    0.996991802
   11.182364729    0.843595180    0.843593543    0.843596371
   11.242484970    0.688123394    0.688122331    0.688124124
   11.302605210    0.646767485    0.646765977    0.646767604
   11.362725451    0.723972813    0.723970215    0.723973068
   11.422845691    0.807114119    0.807109124    0.807116822
   11.482965932    0.877048343    0.877044948    0.877049195
   11.543086172    0.775531883    0.775532956    0.775527473
   11.603206413    0.632555031    0.632555626    0.632551994
   11.663326653    0.629840592    0.629839920    0.629839428
   11.723446894    0.645808540    0.645807105    0.645808578
   11.783567134    0.576638147    0.576638018    0.576637777
   11.843687375    0.477808137    0.477809267    0.477806729
   11.903807615    0.433667071    0.433667078    0.433666515
   11.963927856    0.467171431    0.467170480    0.467171747
   12.024048096    0.528171218    0.528171503    0.528170599
   12.084168337    0.507915274    0.507915741    0.507913940
   12.144288577    0.494906118    0.494904871    0.494905537
   12.204408818    0.509600141    0.509597669    0.509600073
   12.264529058    0.475682365    0.475679726    0.475682638
   12.324649299    0.493541426    0.493539514    0.493540737
   12.384769539    0.532282192    0.532282077    0.532279726
   12.444889780    0.562961290    0.562961641    0.562959692
   12.505010020    0.528011524    0.528013249    0.528009421
   12.565130261    0.496748845    0.496750384    0.496746815
   12.625250501    0.476770707    0.476769636    0.476771137
   12.685370741    0.431003561    0.431001094    0.431006509
   12.745490982    0.360078785    0.360077806    0.360080759
   12.805611222    0.302963569    0.302963505    0.302964545
   12.865731463    0.290653649    0.290653700    0.290654066
   12.925851703    0.312360546    0.312361021    0.312359859
   12.985971944    0.369801552    0.369802620    0.369799924
   13.046092184    0.417052649    0.417053229    0.417052200
   13.106212425    0.391978832    0.391978610    0.391980223
   13.166332665    0.411210410    0.411210469    0.411211555
   13.226452906    0.478983304    0.478984340    0.478983772
   13.286573146    0.458262903    0.458263220    0.458263925
   13.346693387    0.398829773    0.398829868    0.398830976
   13.406813627    0.368763393    0.368763672    0.368763916
   13.466933868    0.371778773    0.371778852    0.371778986
   13.527054108    0.372239862    0.372239291    0.372240670
   13.587174349    0.351848466    0.351847551    0.351849407
   13.647294589    0.317110533    0.317110011    0.317110808
   13.707414830    0.299771029    0.299771126    0.299770322
   13.767535070    0.288903268    0.288903188    0.288902921
   13.827655311    0.284836165    0.284835647    0.284837095
   13.887775551    0.261564046    0.261563635    0.261565567
   13.947895792    0.247576291    0.247576029    0.247576949
   14.008016032    0.247836305    0.247835844    0.247836469
   14.068136273    0.267475974    0.267475465    0.267475858
   14.128256513    0.279435864    0.279434971    0.279435816
   14.188376754    0.292200103    0.292198828    0.292200114
   14.248496994    0.312613237    0.312611449    0.312613755
   14.308617234    0.350405465    0.350403551    0.350405797
   14.368737475    0.380713363    0.380711897    0.380712516
   14.428857715    0.415179619    0.415178131    0.415179164
   14.488977956    0.465970554    0.465970075    0.465969993
   14.549098196    0.463626537    0.463625821    0.463626996
   14.609218437    0.454842144    0.454841510    0.454843542
   14.669338677    0.467433516    0.467433442    0.467434360
   14.729458918    0.473368095    0.473368238    0.473367887
   14.789579158    0.502260994    0.502260686    0.502260349
   14.849699399    0.555768815    0.555767722    0.555767709
   14.909819639    0.506314550    0.506313167    0.506314292
   14.969939880    0.442070429    0.442069366    0.442070879
   15.030060120    0.433351753    0.433351479    0.433351472
   15.090180361    0.454367350    0.454367911    0.454366640
   15.150300601    0.467716299    0.467716929    0.467716312
   15.210420842    0.430798573    0.430797928    0.430799441
   15.270541082    0.361616752    0.361615988    0.361617389
   15.330661323    0.318997182    0.318997136    0.318996503
   15.390781563    0.291732348    0.291731630    0.291731136
   15.450901804    0.279028101    0.279026607    0.279027180
   15.511022044    0.270601948    0.270600555    0.270601864
   15.571142285    0.282743873    0.282742134    0.282744580
   15.631262525    0.295199781    0.295197816    0.295200605
   15.691382766    0.273994760    0.273993100    0.273995623
   15.751503006    0.233537545    0.233537449    0.233537250
   15.811623246    0.180494792    0.180494829    0.180494185
   15.871743487    0.147163486    0.147163159    0.147163077
   15.931863727    0.130570282    0.130569724    0.130569965
   15.991983968    0.122035428    0.122034744    0.122035007
   16.052104208    0.125086997    0.125086369    0.125086513
   16.112224449    0.145019517    0.145018984    0.145018968
   16.172344689    0.172314659    0.172313964    0.172314007
   16.232464930    0.200075229    0.200074374    0.200074420
   16.292585170    0.224042134    0.224042186    0.224040562
   16.352705411    0.197881493    0.197882304    0.197880448
   16.412825651    0.146813266    0.146813788    0.146812728
   16.472945892    0.113718443    0.113718501    0.113718238
   16.533066132    0.102060779    0.102060518    0.102060751
   16.593186373    0.103235542    0.103235087    0.103235514
   16.653306613    0.107801293    0.107800741    0.107801050
   16.713426854    0.123180171    0.123179490    0.123179856
   16.773547094    0.135323657    0.135323183    0.135323249
   16.833667335    0.140297877    0.140297457    0.140297515
   16.893787575    0.135890416    0.135889730    0.135890529
   16.953907816    0.131386178    0.131385551    0.131386358
   17.014028056    0.135548933    0.135548104    0.135548772
   17.074148297    0.149636417    0.149635381    0.149635709
   17.134268537    0.168880925    0.168880073    0.168879994
   17.194388778    0.188405595    0.188404348    0.188404927
   17.254509018    0.163088922    0.163087632    0.163088725
   17.314629259    0.128409256    0.128408454    0.128409572
   17.374749499    0.108801781    0.108800954    0.108802705
   17.434869739    0.104347416    0.104346478    0.104348400
   17.494989980    0.121980863    0.121979807    0.121981878
   17.555110220    0.141024182    0.141023619    0.141024555
   17.615230461    0.138933216    0.138932850    0.138933075
   17.675350701    0.120905946    0.120905603    0.120905849
   17.735470942    0.096412341    0.096412301    0.096412456
   17.795591182    0.087345524    0.087345647    0.087345608
   17.855711423    0.090481981    0.090481956    0.090481714
   17.915831663    0.107443994    0.107443739    0.107443329
   17.975951904    0.121542538    0.121542399    0.121541712
   18.036072144    0.103071549    0.103071651    0.103070977
   18.096192385    0.088422095    0.088422417    0.088421753
   18.156312625    0.080347089    0.080347327    0.080346699
   18.216432866    0.076499968    0.076499607    0.076499465
   18.276553106    0.085295781    0.085294951    0.085295231
   18.336673347    0.108700152    0.108699116    0.108699539
   18.396793587    0.125401393    0.125400320    0.125401222
   18.456913828    0.111644616    0.111643640    0.111645007
   18.517034068    0.093389358    0.093388932    0.093389449
   18.577154309    0.086967638    0.086967402    0.086967112
   18.637274549    0.093052821    0.093052602    0.093051662
   18.697394790    0.112399485    0.112399209    0.112397928
   18.757515030    0.127865924    0.127865347    0.127864463
   18.817635271    0.109047390    0.109046558    0.109046109
   18.877755511    0.092890231    0.092889417    0.092888360
   18.937875752    0.094170301    0.094169548    0.094167289
   18.997995992    0.092971581    0.092970529    0.092968702
   19.058116232    0.085840851    0.085840112    0.085838995
   19.118236473    0.086397749    0.086397284    0.086396669
   19.178356713    0.084692110    0.084691781    0.084691686
   19.238476954    0.090484587    0.090484828    0.090484248
   19.298597194    0.098728789    0.098730069    0.098728169
   19.358717435    0.108082486    0.108084116    0.108082067
   19.418837675    0.117539174    0.117540594    0.117539179
   19.478957916    0.106903680    0.106905003    0.106904077
   19.539078156    0.086591988    0.086593029    0.086592772
   19.599198397    0.077673752    0.077674937    0.077674817
   19.659318637    0.081969412    0.081970948    0.081970616
   19.719438878    0.075020757    0.075021818    0.075021511
   19.779559118    0.059125265    0.059125579    0.059125319
   19.839679359    0.051224448    0.051224144    0.051223844
   19.899799599    0.052928574    0.052927571    0.052927216
   19.959919840    0.060085603    0.060084252    0.060083987
   20.020040080    0.069900233    0.069899449    0.069899337
   20.080160321    0.071854379    0.071853980    0.071854090
   20.140280561    0.058133900    0.058133226    0.058133773
   20.200400802    0.048550845    0.048549768    0.048550807
   20.260521042    0.045699636    0.045698280    0.045700095
   20.320641283    0.047787725    0.047786015    0.047788772
   20.380761523    0.048675844    0.048673979    0.048676442
   20.440881764    0.052678376    0.052676600    0.052678061
   20.501002004    0.066765875    0.066763788    0.066764876
   20.561122244    0.085729413    0.085726075    0.085728153
   20.621242485    0.101068541    0.101063603    0.101066563
   20.681362725    0.094386959    0.094382750    0.094384784
   20.741482966    0.076656930    0.076654837    0.076656086
   20.801603206    0.070380599    0.070379981    0.070381148
   20.861723447    0.066617686    0.066617265    0.066618677
   20.921843687    0.066196840    0.066195433    0.066197459
   20.981963928    0.074585036    0.074582739    0.074585545
   21.042084168    0.074808409    0.074806674    0.074808777
   21.102204409    0.067785536    0.067784452    0.067785258
   21.162324649    0.057491283    0.057490017    0.057489855
   21.222444890    0.050144827    0.050143497    0.050141698
   21.282565130    0.050833582    0.050832096    0.050829029
   21.342685371    0.054935818    0.054933763    0.054931167
   21.402805611    0.058445201    0.058441997    0.058439964
   21.462925852    0.059628203    0.059624564    0.059622145
   21.523046092    0.056242049    0.056238527    0.056234818
   21.583166333    0.056003445    0.055999914    0.055995229
   21.643286573    0.055202388    0.055199991    0.055195772
   21.703406814    0.056220207    0.056220424    0.056216849
   21.763527054    0.056510094    0.056511937    0.056508928
   21.823647295    0.046096066    0.046097469    0.046095536
   21.883767535    0.034899618    0.034900293    0.034899018
   21.943887776    0.029415113    0.029415216    0.029414169
   22.004008016    0.027432107    0.027431885    0.027431046
   22.064128257    0.026536314    0.026535910    0.026535457
   22.124248497    0.025784121    0.025783347    0.025783632
   22.184368737    0.026595051    0.026593882    0.026594843
   22.244488978    0.029189264    0.029187704    0.029189175
   22.304609218    0.033670667    0.033669056    0.033670342
   22.364729459    0.040221924    0.040221287    0.040221078
   22.424849699    0.046839516    0.046839576    0.046839353
   22.484969940    0.046748198    0.046749250    0.046750183
   22.545090180    0.046329755    0.046332692    0.046333995
   22.605210421    0.052223831    0.052229353    0.052231036
   22.665330661    0.056515121    0.056521941    0.056523097
   22.725450902    0.054510192    0.054516844    0.054516980
   22.785571142    0.055996949    0.056002346    0.056003638
   22.845691383    0.064405536    0.064409822    0.064414856
   22.905811623    0.075105604    0.075107379    0.075116262
   22.965931864    0.070609796    0.070609464    0.070620138
   23.026052104    0.056153743    0.056154946    0.056162667
   23.086172345    0.041093949    0.041095319    0.041099354
   23.146292585    0.031936592    0.031937333    0.031939644
   23.206412826    0.027648195    0.027648322    0.027649808
   23.266533066    0.027937501    0.027937080    0.027938071
   23.326653307    0.032419107    0.032418007    0.032418553
   23.386773547    0.040296336    0.040294333    0.040294415
   23.446893788    0.052717193    0.052715407    0.052716442
   23.507014028    0.059120912    0.059121216    0.059126386
   23.567134269    0.054080511    0.054079335    0.054086293
   23.627254509    0.045906561    0.045901759    0.045908307
   23.687374749    0.037295111    0.037289942    0.037294408
   23.747494990    0.034271701    0.034267641    0.034270164
   23.807615230    0.038048167    0.038044017    0.038045183
   23.867735471    0.039924998    0.039920129    0.039919425
   23.927855711    0.037773156    0.037768890    0.037765590
   23.987975952    0.038453861    0.038450036    0.038442953
   24.048096192    0.043169631    0.043164549    0.043154552
   24.108216433    0.045784691    0.045778247    0.045768405
   24.168336673    0.040280527    0.040278710    0.040266409
   24.228456914    0.036852440    0.036860027    0.036839629
   24.288577154    0.037932965    0.037944678    0.037921757
   24.348697395    0.039941426    0.039948772    0.039935358
   24.408817635    0.039183857    0.039187086    0.039181801
   24.468937876    0.035041385    0.035042030    0.035041929
   24.529058116    0.030887958    0.030886311    0.030890706
   24.589178357    0.029452464    0.029447930    0.029457982
   24.649298597    0.031374004    0.031366106    0.031384729
   24.709418838    0.033208354    0.033199118    0.033225179
   24.769539078    0.034940291    0.034930248    0.034959685
   24.829659319    0.036363203    0.036349785    0.036379962
   24.889779559    0.032982064    0.032964631    0.033001634
   24.949899800    0.027379830    0.027351193    0.027409690
   25.010020040    0.023679181    0.023629221    0.023735175
   25.070140281    0.020470441    0.020406558    0.020561748
   25.130260521    0.017762871    0.017721343    0.017774490
   25.190380762    0.016534024    0.016524981    0.016411351
   25.250501002    0.016383551    0.016383242    0.016276972
   25.310621242    0.016619588    0.016618776    0.016563153
   25.370741483    0.016549746    0.016549033    0.016520825
   25.430861723    0.016660430    0.016659952    0.016644716
   25.490981964    0.016920089    0.016920126    0.016911327
   25.551102204    0.015463649    0.015464756    0.015458927
   25.611222445    0.015114628    0.015117500    0.015112757
   25.671342685    0.015489537    0.015494882    0.015490791
   25.731462926    0.015090427    0.015098541    0.015095928
   25.791583166    0.016250276    0.016262831    0.016261526
   25.851703407    0.019547194    0.019563818    0.019562351
   25.911823647    0.021301006    0.021315674    0.021312057
   25.971943888    0.019161920    0.019169951    0.019166553
   26.032064128    0.018278739    0.018282451    0.018280063
   26.092184369    0.019062717    0.019063738    0.019062268
   26.152304609    0.021268317    0.021266590    0.021266402
   26.212424850    0.021754994    0.021752583    0.021753546
   26.272545090    0.020608034    0.020607305    0.020608838
   26.332665331    0.021940883    0.021941557    0.021944072
   26.392785571    0.021424562    0.021426277    0.021429136
   26.452905812    0.017166383    0.017170645    0.017171842
   26.513026052    0.013250538    0.013255022    0.013255326
   26.573146293    0.011276229    0.011279024    0.011279621
   26.633266533    0.010805471    0.010807258    0.010808411
   26.693386774    0.011003512    0.011004741    0.011006291
   26.753507014    0.012163368    0.012164354    0.012165885
   26.813627255    0.015256804    0.015257836    0.015259691
   26.873747495    0.018344966    0.018345975    0.018348581
   26.933867735    0.017480702    0.017480778    0.017483474
   26.993987976    0.014688601    0.014688119    0.014689728
   27.054108216    0.013745503    0.013745064    0.013745435
   27.114228457    0.015197436    0.015197191    0.015196455
   27.174348697    0.018842452    0.018842770    0.018840679
   27.234468938    0.020570388    0.020571021    0.020568097
   27.294589178    0.016882538    0.016882889    0.016880732
   27.354709419    0.014641286    0.014641126    0.014639819
   27.414829659    0.015457314    0.015456590    0.015455615
   27.474949900    0.016413275    0.016412530    0.016411310
   27.535070140    0.014833661    0.014833257    0.014832132
   27.595190381    0.013791120    0.013790156    0.013789941
   27.655310621    0.014397399    0.014396080    0.014397123
   27.715430862    0.014582802    0.014584101    0.014584830
   27.775551102    0.015134822    0.015138003    0.015137546
   27.835671343    0.016914434    0.016916625    0.016915096
   27.895791583    0.019869865    0.019871363    0.019869362
   27.955911824    0.021139150    0.021140539    0.021139420
   28.016032064    0.017752402    0.017754105    0.017754235
   28.076152305    0.013101451    0.013103313    0.013103485
   28.136272545    0.010068955    0.010070467    0.010070082
   28.196392786    0.008308064    0.008309182    0.008308534
   28.256513026    0.007566939    0.007567909    0.007567122
   28.316633267    0.007617350    0.007618379    0.007617480
   28.376753507    0.008555682    0.008556979    0.008555962
   28.436873747    0.010699044    0.010700853    0.010699667
   28.496993988    0.012884838    0.012886928    0.012885407
   28.557114228    0.012869993    0.012871683    0.012870062
   28.617234469    0.012762846    0.012764505    0.012763540
   28.677354709    0.014704850    0.014707192    0.014706817
   28.737474950    0.016939441    0.016942307    0.016940846
   28.797595190    0.015438516    0.015441311    0.015437681
   28.857715431    0.011448945    0.011452242    0.011447687
   28.917835671    0.009080269    0.009084742    0.009079430
   28.977955912    0.008406552    0.008411758    0.008407050
   29.038076152    0.008345768    0.008351142    0.008348008
   29.098196393    0.008164193    0.008169936    0.008167871
   29.158316633    0.008162397    0.008168909    0.008166784
   29.218436874    0.007955288    0.007960392    0.007957215
   29.278557114    0.008179673    0.008183069    0.008178935
   29.338677355    0.007702893    0.007705477    0.007700315
   29.398797595    0.006929833    0.006932169    0.006925793
   29.458917836    0.006876416    0.006878886    0.006870628
   29.519038076    0.007175989    0.007178784    0.007167364
   29.579158317    0.007246843    0.007249925    0.007234340
   29.639278557    0.006353435    0.006357773    0.006335708
   29.699398798    0.005479332    0.005486201    0.005453445
   29.759519038    0.005252470    0.005263748    0.005211934
   29.819639279    0.005612802    0.005632597    0.005543894
   29.879759519    0.006269714    0.006303662    0.006149801
   29.939879760    0.006968986    0.007009391    0.006802057
   30.000000000    0.008391018    0.008423044    0.008214246
