# energy grid [eV]     epsr_x  epsr_y  epsr_z
#
    0.000000000   16.617304386   16.617309624   16.617306311
    0.060120240   16.621449668   16.621454907   16.621451596
    0.120240481   16.633901048   16.633906289   16.633902985
    0.180360721   16.654705292   16.654710536   16.654707244
    0.240480962   16.683940881   16.683946130   16.683942856
    0.300601202   16.721718839   16.721724094   16.721720842
    0.360721443   16.768183905   16.768189167   16.768185943
    0.420841683   16.823516090   16.823521359   16.823518170
    0.480961924   16.887932644   16.887937922   16.887934774
    0.541082164   16.961690482   16.961695770   16.961692670
    0.601202405   17.045089118   17.045094416   17.045091374
    0.661322645   17.138474189   17.138479498   17.138476520
    0.721442886   17.242241637   17.242246957   17.242244056
    0.781563126   17.356842683   17.356848013   17.356845199
    0.841683367   17.482789692   17.482795032   17.482792317
    0.901803607   17.620663128   17.620668477   17.620665877
    0.961923848   17.771119781   17.771125138   17.771122669
    1.022044088   17.934902530   17.934907893   17.934905575
    1.082164329   18.112851967   18.112857332   18.112855186
    1.142284569   18.305920276   18.305925639   18.305923693
    1.202404810   18.515187904   18.515193260   18.515191544
    1.262525050   18.741883672   18.741889013   18.741887563
    1.322645291   18.987409182   18.987414499   18.987413358
    1.382765531   19.253368657   19.253373938   19.253373156
    1.442885772   19.541605662   19.541610894   19.541610531
    1.503006012   19.854248699   19.854253862   19.854253992
    1.563126253   20.193768291   20.193773360   20.193774071
    1.623246493   20.563049181   20.563054127   20.563055527
    1.683366733   20.965482623   20.965487407   20.965489628
    1.743486974   21.405085734   21.405090305   21.405093512
    1.803607214   21.886657847   21.886662140   21.886666540
    1.863727455   22.415988211   22.415992141   22.415997996
    1.923847695   23.000136142   23.000139597   23.000147242
    1.983967936   23.647815217   23.647818049   23.647827919
    2.044088176   24.369929685   24.369931693   24.369944362
    2.104208417   25.180337895   25.180338804   25.180355041
    2.164328657   26.096960784   26.096960217   26.096981064
    2.224448898   27.143423793   27.143421213   27.143448118
    2.284569138   28.351532060   28.351526701   28.351561708
    2.344689379   29.765038527   29.765029271   29.765075321
    2.404809619   31.445306811   31.445292012   31.445353388
    2.464929860   33.479119600   33.479096866   33.479179750
    2.525050100   35.985421822   35.985387997   35.985500588
    2.585170341   39.097076929   39.097029769   39.097178444
    2.645290581   42.776502668   42.776452829   42.776614110
    2.705410822   45.702732479   45.702768950   45.702735605
    2.765531062   41.181088642   41.181517971   41.180562266
    2.825651303   23.875975436   23.876542414   23.875214674
    2.885771543   15.348535729   15.348640629   15.348365540
    2.945891784   18.112054612   18.112007278   18.112090604
    3.006012024   23.490714957   23.490667066   23.490757882
    3.066132265   29.225237140   29.225212286   29.225254428
    3.126252505   35.202998780   35.202992709   35.202996311
    3.186372745   41.263492678   41.263475016   41.263520712
    3.246492986   45.347729121   45.347601522   45.347957054
    3.306613226   45.537377651   45.537238882   45.537650546
    3.366733467   49.035151489   49.035261114   49.035070211
    3.426853707   53.192644047   53.192934903   53.192357189
    3.486973948   46.232986365   46.233191246   46.232843732
    3.547094188   22.387676816   22.387564465   22.387813338
    3.607214429   -5.754906304   -5.755174966   -5.754767237
    3.667334669  -14.025619998  -14.025740625  -14.025565120
    3.727454910  -17.577121684  -17.577362834  -17.576993185
    3.787575150  -34.586518272  -34.586754593  -34.586342026
    3.847695391  -42.187852124  -42.187912712  -42.187794725
    3.907815631  -36.832704934  -36.832713843  -36.832696417
    3.967935872  -29.518240559  -29.518255463  -29.518225622
    4.028056112  -23.949672522  -23.949701524  -23.949636242
    4.088176353  -19.776365663  -19.776370844  -19.776346640
    4.148296593  -15.595785427  -15.595779215  -15.595775539
    4.208416834  -11.435809671  -11.435804675  -11.435796857
    4.268537074   -7.484384777   -7.484381675   -7.484367355
    4.328657315   -3.867023368   -3.867024406   -3.866998103
    4.388777555   -0.847422867   -0.847452390   -0.847364163
    4.448897796   -0.002815061   -0.002906252   -0.002698116
    4.509018036   -2.611073260   -2.611107338   -2.611077973
    4.569138277   -6.314894843   -6.314887461   -6.314965793
    4.629258517   -6.656570009   -6.656602760   -6.656580207
    4.689378758   -4.713864283   -4.713893013   -4.713862325
    4.749498998   -2.369640612   -2.369620090   -2.369672790
    4.809619238   -3.427527026   -3.427394443   -3.427654247
    4.869739479   -5.788169454   -5.788122946   -5.788229560
    4.929859719   -5.220050766   -5.220097092   -5.220032452
    4.989979960   -5.413396943   -5.413471259   -5.413353666
    5.050100200   -5.311811217   -5.311839922   -5.311820839
    5.110220441   -4.849243128   -4.849223182   -4.849300285
    5.170340681   -2.982332912   -2.982322538   -2.982372355
    5.230460922    0.421340067    0.421337608    0.421316411
    5.290581162    3.298811506    3.298812472    3.298796525
    5.350701403    1.697142035    1.697170990    1.697134426
    5.410821643   -3.789683564   -3.789624751   -3.789718621
    5.470941884   -7.966891216   -7.966811457   -7.966950083
    5.531062124  -11.934217732  -11.934173448  -11.934246227
    5.591182365  -13.298300385  -13.298319049  -13.298285888
    5.651302605  -12.944927526  -12.944958722  -12.944916531
    5.711422846  -12.740627783  -12.740667860  -12.740608458
    5.771543086  -12.835399849  -12.835419582  -12.835373552
    5.831663327  -13.737250081  -13.737237243  -13.737248409
    5.891783567  -12.740682170  -12.740686016  -12.740683217
    5.951903808  -11.286471758  -11.286499395  -11.286462358
    6.012024048  -11.336716589  -11.336752963  -11.336701369
    6.072144289  -11.240527617  -11.240535760  -11.240535301
    6.132264529  -11.179223761  -11.179203869  -11.179237372
    6.192384770  -12.084742530  -12.084724312  -12.084740935
    6.252505010  -12.505910702  -12.505908761  -12.505909439
    6.312625251  -11.795114253  -11.795118683  -11.795116552
    6.372745491  -11.686949868  -11.686956672  -11.686955744
    6.432865731  -11.695313277  -11.695328850  -11.695313644
    6.492985972  -11.162514177  -11.162527412  -11.162513958
    6.553106212  -10.205114642  -10.205119115  -10.205117751
    6.613226453   -9.142100483   -9.142102704   -9.142104384
    6.673346693   -8.134988330   -8.134990218   -8.134992303
    6.733466934   -7.188658823   -7.188660854   -7.188662764
    6.793587174   -6.328903205   -6.328907058   -6.328906602
    6.853707415   -5.798534696   -5.798545805   -5.798535196
    6.913827655   -5.933700206   -5.933718847   -5.933693160
    6.973947896   -6.504273705   -6.504293330   -6.504261792
    7.034068136   -6.432778658   -6.432787562   -6.432775759
    7.094188377   -5.705544193   -5.705550500   -5.705543989
    7.154308617   -4.927371573   -4.927373733   -4.927375913
    7.214428858   -4.670233475   -4.670213487   -4.670259601
    7.274549098   -5.275182871   -5.275160345   -5.275210910
    7.334669339   -5.542343426   -5.542352890   -5.542337847
    7.394789579   -5.561896856   -5.561913874   -5.561882491
    7.454909820   -5.231129650   -5.231129940   -5.231135846
    7.515030060   -5.171643774   -5.171612327   -5.171686750
    7.575150301   -5.582234705   -5.582210133   -5.582265753
    7.635270541   -5.386636880   -5.386634485   -5.386639089
    7.695390782   -4.924476364   -4.924475415   -4.924475767
    7.755511022   -4.495194188   -4.495199813   -4.495187969
    7.815631263   -4.292452682   -4.292460884   -4.292442031
    7.875751503   -4.187505512   -4.187505541   -4.187501545
    7.935871743   -4.055115589   -4.055116013   -4.055111306
    7.995991984   -3.962988219   -3.962989667   -3.962984495
    8.056112224   -3.527978003   -3.527978426   -3.527976498
    8.116232465   -2.903198823   -2.903198921   -2.903198021
    8.176352705   -2.384237301   -2.384240553   -2.384234192
    8.236472946   -2.485098910   -2.485110327   -2.485089018
    8.296593186   -3.193092067   -3.193102660   -3.193080055
    8.356713427   -4.237621534   -4.237630313   -4.237611192
    8.416833667   -4.619465620   -4.619467001   -4.619465002
    8.476953908   -4.393163694   -4.393163072   -4.393163437
    8.537074148   -4.025768394   -4.025766444   -4.025769681
    8.597194389   -3.726681146   -3.726684410   -3.726679053
    8.657314629   -3.775087371   -3.775089134   -3.775089847
    8.717434870   -3.854423326   -3.854428124   -3.854422498
    8.777555110   -3.969330822   -3.969338653   -3.969326546
    8.837675351   -4.076729606   -4.076730172   -4.076731673
    8.897795591   -3.948939749   -3.948939768   -3.948943533
    8.957915832   -3.749013863   -3.749013731   -3.749018264
    9.018036072   -3.421432193   -3.421430723   -3.421437480
    9.078156313   -2.992613178   -2.992611141   -2.992618465
    9.138276553   -2.560600438   -2.560598577   -2.560604941
    9.198396794   -2.279060213   -2.279059402   -2.279063805
    9.258517034   -2.421329788   -2.421331462   -2.421331613
    9.318637275   -2.635469046   -2.635471914   -2.635471286
    9.378757515   -2.783363808   -2.783368788   -2.783364725
    9.438877756   -3.031265485   -3.031278752   -3.031260289
    9.498997996   -3.534289447   -3.534295309   -3.534290083
    9.559118236   -3.826957171   -3.826954396   -3.826963762
    9.619238477   -3.744419731   -3.744417309   -3.744426122
    9.679358717   -3.699973694   -3.699969769   -3.699980677
    9.739478958   -3.556095454   -3.556094782   -3.556099063
    9.799599198   -3.307924933   -3.307925197   -3.307927496
    9.859719439   -3.218903679   -3.218901547   -3.218908072
    9.919839679   -3.236351999   -3.236350398   -3.236356656
    9.979959920   -3.089055823   -3.089056935   -3.089058566
   10.040080160   -2.873443491   -2.873445324   -2.873445628
   10.100200401   -2.661144823   -2.661146642   -2.661146923
   10.160320641   -2.461297911   -2.461299639   -2.461300038
   10.220440882   -2.270499539   -2.270501233   -2.270501644
   10.280561122   -2.087359110   -2.087360749   -2.087361216
   10.340681363   -1.931289463   -1.931290898   -1.931291695
   10.400801603   -1.870748736   -1.870749924   -1.870751145
   10.460921844   -1.823054143   -1.823055873   -1.823056288
   10.521042084   -1.658549050   -1.658551551   -1.658550744
   10.581162325   -1.457425280   -1.457428970   -1.457426282
   10.641282565   -1.264216167   -1.264219409   -1.264217960
   10.701402806   -1.142643604   -1.142644685   -1.142648684
   10.761523046   -1.172444161   -1.172443924   -1.172450017
   10.821643287   -1.311454420   -1.311452497   -1.311461858
   10.881763527   -1.664969043   -1.664966002   -1.664978680
   10.941883768   -2.027931959   -2.027934286   -2.027935498
   11.002004008   -2.281530141   -2.281534642   -2.281529046
   11.062124248   -2.300747034   -2.300751383   -2.300743796
   11.122244489   -2.257261654   -2.257263835   -2.257260772
   11.182364729   -2.192929155   -2.192930090   -2.192930159
   11.242484970   -2.061515423   -2.061517001   -2.061517316
   11.302605210   -1.867283434   -1.867285531   -1.867285465
   11.362725451   -1.738140285   -1.738142767   -1.738141493
   11.422845691   -1.713622060   -1.713622960   -1.713624192
   11.482965932   -1.774103952   -1.774100381   -1.774110807
   11.543086172   -1.885553312   -1.885551194   -1.885557578
   11.603206413   -1.810983273   -1.810983748   -1.810983993
   11.663326653   -1.706044495   -1.706045332   -1.706044841
   11.723446894   -1.709736071   -1.709735974   -1.709737094
   11.783567134   -1.719401848   -1.719400563   -1.719404276
   11.843687375   -1.660893416   -1.660893764   -1.660894988
   11.903807615   -1.539961377   -1.539962771   -1.539962259
   11.963927856   -1.434396659   -1.434397331   -1.434398257
   12.024048096   -1.412128582   -1.412128553   -1.412131209
   12.084168337   -1.418123521   -1.418125348   -1.418125068
   12.144288577   -1.362646044   -1.362648355   -1.362647096
   12.204408818   -1.348343183   -1.348344388   -1.348344545
   12.264529058   -1.314546521   -1.314546433   -1.314548517
   12.324649299   -1.250940854   -1.250939135   -1.250944195
   12.384769539   -1.232047330   -1.232045820   -1.232049186
   12.444889780   -1.251574721   -1.251573463   -1.251575760
   12.505010020   -1.284392970   -1.284392412   -1.284393864
   12.565130261   -1.264342225   -1.264344247   -1.264341097
   12.625250501   -1.263209679   -1.263212031   -1.263207644
   12.685370741   -1.265431342   -1.265431781   -1.265431073
   12.745490982   -1.237388514   -1.237387345   -1.237390728
   12.805611222   -1.161057054   -1.161056421   -1.161059403
   12.865731463   -1.070815143   -1.070814667   -1.070817870
   12.925851703   -0.988931346   -0.988930872   -0.988933973
   12.985971944   -0.935640720   -0.935640806   -0.935642174
   13.046092184   -0.949778299   -0.949779408   -0.949777757
   13.106212425   -0.947155397   -0.947156052   -0.947155928
   13.166332665   -0.889894281   -0.889894355   -0.889895856
   13.226452906   -0.905723122   -0.905723513   -0.905724778
   13.286573146   -0.967099965   -0.967101336   -0.967101201
   13.346693387   -0.964177156   -0.964178091   -0.964179207
   13.406813627   -0.922814983   -0.922816012   -0.922817468
   13.466933868   -0.890478278   -0.890479812   -0.890480076
   13.527054108   -0.885599426   -0.885600927   -0.885601192
   13.587174349   -0.884637529   -0.884638450   -0.884639939
   13.647294589   -0.861785178   -0.861785551   -0.861788156
   13.707414830   -0.826113309   -0.826113971   -0.826115578
   13.767535070   -0.793480426   -0.793481617   -0.793481671
   13.827655311   -0.768975713   -0.768976861   -0.768976617
   13.887775551   -0.742918787   -0.742919636   -0.742921139
   13.947895792   -0.696490714   -0.696491834   -0.696493629
   14.008016032   -0.645332516   -0.645333728   -0.645335316
   14.068136273   -0.603515942   -0.603517317   -0.603518454
   14.128256513   -0.577178269   -0.577179787   -0.577180549
   14.188376754   -0.540517217   -0.540518680   -0.540519301
   14.248496994   -0.506826273   -0.506827412   -0.506828443
   14.308617234   -0.475865098   -0.475865471   -0.475868168
   14.368737475   -0.471631676   -0.471631763   -0.471634309
   14.428857715   -0.450039532   -0.450039145   -0.450041541
   14.488977956   -0.473742518   -0.473742171   -0.473744065
   14.549098196   -0.505215705   -0.505215801   -0.505216822
   14.609218437   -0.504823578   -0.504823281   -0.504825699
   14.669338677   -0.496405381   -0.496405268   -0.496408608
   14.729458918   -0.501209366   -0.501209815   -0.501212714
   14.789579158   -0.485237815   -0.485238854   -0.485240769
   14.849699399   -0.541161403   -0.541162346   -0.541163632
   14.909819639   -0.618828080   -0.618828304   -0.618829539
   14.969939880   -0.602626423   -0.602625987   -0.602628617
   15.030060120   -0.572810784   -0.572810137   -0.572813505
   15.090180361   -0.563782184   -0.563781891   -0.563784231
   15.150300601   -0.602601027   -0.602602149   -0.602602426
   15.210420842   -0.652631853   -0.652633193   -0.652633874
   15.270541082   -0.654655163   -0.654655591   -0.654658385
   15.330661323   -0.628562265   -0.628563075   -0.628565586
   15.390781563   -0.596245955   -0.596247468   -0.596248399
   15.450901804   -0.570778681   -0.570779716   -0.570780208
   15.511022044   -0.540471283   -0.540471936   -0.540472489
   15.571142285   -0.521884386   -0.521884934   -0.521886009
   15.631262525   -0.532059414   -0.532059307   -0.532061708
   15.691382766   -0.555500986   -0.555499836   -0.555504030
   15.751503006   -0.563302231   -0.563301095   -0.563305683
   15.811623246   -0.545074922   -0.545074829   -0.545077651
   15.871743487   -0.502478397   -0.502478590   -0.502480924
   15.931863727   -0.461201547   -0.461201738   -0.461204128
   15.991983968   -0.419458755   -0.419458808   -0.419461416
   16.052104208   -0.376125617   -0.376125540   -0.376128213
   16.112224449   -0.340052930   -0.340052847   -0.340055583
   16.172344689   -0.321656224   -0.321656240   -0.321658799
   16.232464930   -0.318075590   -0.318074989   -0.318078429
   16.292585170   -0.343578855   -0.343577876   -0.343581109
   16.352705411   -0.382936430   -0.382936217   -0.382937924
   16.412825651   -0.378142729   -0.378143333   -0.378144196
   16.472945892   -0.344512793   -0.344513599   -0.344514410
   16.533066132   -0.305708107   -0.305708912   -0.305709951
   16.593186373   -0.273976541   -0.273977229   -0.273978679
   16.653306613   -0.245918322   -0.245918946   -0.245920554
   16.713426854   -0.223321915   -0.223322379   -0.223324084
   16.773547094   -0.216884038   -0.216884333   -0.216886168
   16.833667335   -0.211607846   -0.211608450   -0.211609657
   16.893787575   -0.207397445   -0.207397989   -0.207399334
   16.953907816   -0.190739073   -0.190739600   -0.190741432
   17.014028056   -0.172172321   -0.172172965   -0.172174992
   17.074148297   -0.156814193   -0.156814580   -0.156816767
   17.134268537   -0.153128269   -0.153128613   -0.153130298
   17.194388778   -0.173295100   -0.173295556   -0.173296578
   17.254509018   -0.202785783   -0.202785548   -0.202787107
   17.314629259   -0.191899651   -0.191899406   -0.191900882
   17.374749499   -0.167794638   -0.167794553   -0.167796345
   17.434869739   -0.135648005   -0.135647890   -0.135650242
   17.494989980   -0.111797723   -0.111797275   -0.111800536
   17.555110220   -0.115594738   -0.115594010   -0.115598072
   17.615230461   -0.127813061   -0.127812609   -0.127816100
   17.675350701   -0.134271445   -0.134270931   -0.134274183
   17.735470942   -0.119699788   -0.119699307   -0.119702580
   17.795591182   -0.093374842   -0.093374677   -0.093377970
   17.855711423   -0.068892832   -0.068892942   -0.068896126
   17.915831663   -0.052084389   -0.052084444   -0.052087572
   17.975951904   -0.063204472   -0.063204335   -0.063207238
   18.036072144   -0.070333543   -0.070333487   -0.070336041
   18.096192385   -0.055318937   -0.055319145   -0.055321546
   18.156312625   -0.038951128   -0.038951914   -0.038953894
   18.216432866   -0.016086534   -0.016087566   -0.016089304
   18.276553106    0.008141439    0.008140629    0.008138748
   18.336673347    0.020731498    0.020731063    0.020728948
   18.396793587    0.005884505    0.005884329    0.005882297
   18.456913828   -0.006913470   -0.006913140   -0.006916313
   18.517034068    0.002299834    0.002300223    0.002296244
   18.577154309    0.023069870    0.023069995    0.023065985
   18.637274549    0.042867631    0.042867557    0.042863840
   18.697394790    0.054147045    0.054146777    0.054143668
   18.757515030    0.037495269    0.037494854    0.037492335
   18.817635271    0.024438616    0.024438436    0.024435459
   18.877755511    0.038081133    0.038081205    0.038077624
   18.937875752    0.052065377    0.052065451    0.052062493
   18.997995992    0.054306924    0.054307245    0.054305682
   19.058116232    0.064476855    0.064477686    0.064476158
   19.118236473    0.075311358    0.075312184    0.075310756
   19.178356713    0.085554291    0.085555423    0.085553312
   19.238476954    0.098758561    0.098760038    0.098757086
   19.298597194    0.103580081    0.103581298    0.103578592
   19.358717435    0.106772415    0.106772715    0.106771233
   19.418837675    0.096829089    0.096828802    0.096827947
   19.478957916    0.081350172    0.081349555    0.081348857
   19.539078156    0.084795911    0.084795075    0.084794322
   19.599198397    0.100292915    0.100292132    0.100290845
   19.659318637    0.107929966    0.107928553    0.107927181
   19.719438878    0.103656059    0.103653787    0.103652520
   19.779559118    0.112583146    0.112580622    0.112579330
   19.839679359    0.130547255    0.130544711    0.130543443
   19.899799599    0.148279082    0.148276743    0.148275616
   19.959919840    0.160055565    0.160054030    0.160053143
   20.020040080    0.164715910    0.164714835    0.164714123
   20.080160321    0.157065091    0.157063580    0.157063141
   20.140280561    0.157644206    0.157642281    0.157642008
   20.200400802    0.170461572    0.170459568    0.170459391
   20.260521042    0.185416600    0.185414634    0.185414416
   20.320641283    0.198296833    0.198294946    0.198293896
   20.380761523    0.209371076    0.209369474    0.209367046
   20.440881764    0.225080325    0.225078686    0.225076022
   20.501002004    0.238542878    0.238540777    0.238538831
   20.561122244    0.240337999    0.240335671    0.240334191
   20.621242485    0.227693737    0.227692930    0.227690220
   20.681362725    0.208009791    0.208011514    0.208007674
   20.741482966    0.208600622    0.208602965    0.208599379
   20.801603206    0.218111041    0.218112534    0.218109291
   20.861723447    0.224527322    0.224527345    0.224524299
   20.921843687    0.235532684    0.235532026    0.235528909
   20.981963928    0.239441355    0.239441346    0.239437159
   21.042084168    0.233452148    0.233452999    0.233447155
   21.102204409    0.232137959    0.232138393    0.232132075
   21.162324649    0.235372150    0.235372197    0.235365564
   21.222444890    0.246997257    0.246997204    0.246990567
   21.282565130    0.258959269    0.258958882    0.258953742
   21.342685371    0.266126167    0.266125440    0.266121563
   21.402805611    0.269613631    0.269613206    0.269609300
   21.462925852    0.269667613    0.269668386    0.269663957
   21.523046092    0.272313083    0.272314715    0.272310433
   21.583166333    0.276939895    0.276942656    0.276939890
   21.643286573    0.279657989    0.279662437    0.279661250
   21.703406814    0.283142282    0.283146971    0.283146463
   21.763527054    0.279588200    0.279590953    0.279591241
   21.823647295    0.277197417    0.277198466    0.277199101
   21.883767535    0.285027072    0.285027565    0.285027955
   21.943887776    0.296073468    0.296073797    0.296074076
   22.004008016    0.306466323    0.306466762    0.306467169
   22.064128257    0.315223442    0.315223870    0.315224569
   22.124248497    0.324517382    0.324517830    0.324518613
   22.184368737    0.334004043    0.334004799    0.334005232
   22.244488978    0.343488492    0.343489770    0.343489591
   22.304609218    0.351553549    0.351556012    0.351554668
   22.364729459    0.358039236    0.358042539    0.358041210
   22.424849699    0.358788012    0.358791647    0.358791901
   22.484969940    0.358693622    0.358697952    0.358698431
   22.545090180    0.364475260    0.364480039    0.364480209
   22.605210421    0.370023606    0.370027319    0.370027285
   22.665330661    0.367872677    0.367873733    0.367873107
   22.725450902    0.369334085    0.369332606    0.369333294
   22.785571142    0.375073091    0.375069688    0.375072897
   22.845691383    0.379367503    0.379362884    0.379367171
   22.905811623    0.371017976    0.371012163    0.371014046
   22.965931864    0.356361907    0.356358238    0.356355559
   23.026052104    0.350138861    0.350136266    0.350128815
   23.086172345    0.355453744    0.355450061    0.355442484
   23.146292585    0.366159385    0.366155205    0.366148579
   23.206412826    0.378579891    0.378575556    0.378569779
   23.266533066    0.391054566    0.391050143    0.391045041
   23.326653307    0.401882451    0.401877988    0.401873561
   23.386773547    0.410128409    0.410124399    0.410121162
   23.446893788    0.411892731    0.411890174    0.411889397
   23.507014028    0.402534012    0.402530595    0.402529934
   23.567134269    0.395275507    0.395269064    0.395264940
   23.627254509    0.394172518    0.394166824    0.394159635
   23.687374749    0.399272037    0.399269247    0.399259831
   23.747494990    0.409298278    0.409296117    0.409286144
   23.807615230    0.416363604    0.416361230    0.416350586
   23.867735471    0.416970244    0.416968616    0.416957201
   23.927855711    0.420233621    0.420233153    0.420221048
   23.987975952    0.426051259    0.426050485    0.426039057
   24.048096192    0.429348940    0.429348444    0.429340150
   24.108216433    0.426021098    0.426024024    0.426018046
   24.168336673    0.424676908    0.424685360    0.424678405
   24.228456914    0.430321347    0.430328313    0.430324947
   24.288577154    0.434785820    0.434783048    0.434793961
   24.348697395    0.436386603    0.436377111    0.436397198
   24.408817635    0.435082310    0.435070994    0.435092606
   24.468937876    0.435972979    0.435960766    0.435982764
   24.529058116    0.440133956    0.440120609    0.440143667
   24.589178357    0.446374686    0.446360376    0.446385252
   24.649298597    0.451499663    0.451485629    0.451510557
   24.709418838    0.453434004    0.453421309    0.453441341
   24.769539078    0.455314877    0.455300463    0.455315571
   24.829659319    0.453657118    0.453641065    0.453655172
   24.889779559    0.451217592    0.451198324    0.451218275
   24.949899800    0.453033357    0.453010095    0.453036009
   25.010020040    0.456691312    0.456674262    0.456687551
   25.070140281    0.460687865    0.460702309    0.460625344
   25.130260521    0.465654541    0.465701722    0.465491153
   25.190380762    0.471114221    0.471158495    0.471015236
   25.250501002    0.475951418    0.475980076    0.475960505
   25.310621242    0.479895349    0.479917477    0.479930149
   25.370741483    0.483403331    0.483422896    0.483435460
   25.430861723    0.487054908    0.487073025    0.487080930
   25.490981964    0.489515287    0.489532927    0.489536455
   25.551102204    0.492537773    0.492555400    0.492555503
   25.611222445    0.496950412    0.496968180    0.496966210
   25.671342685    0.500331421    0.500348816    0.500346255
   25.731462926    0.504217434    0.504234209    0.504231256
   25.791583166    0.508978593    0.508993424    0.508989078
   25.851703407    0.512104664    0.512113561    0.512107175
   25.911823647    0.511359695    0.511359628    0.511353219
   25.971943888    0.512480953    0.512477758    0.512473162
   26.032064128    0.516021177    0.516018635    0.516014595
   26.092184369    0.519687634    0.519686052    0.519682327
   26.152304609    0.521799331    0.521799459    0.521795835
   26.212424850    0.521566114    0.521569806    0.521565418
   26.272545090    0.523472659    0.523478234    0.523473205
   26.332665331    0.525143385    0.525149318    0.525143509
   26.392785571    0.523507391    0.523513808    0.523505979
   26.452905812    0.523868346    0.523874098    0.523865121
   26.513026052    0.527557456    0.527560202    0.527551976
   26.573146293    0.532540451    0.532542144    0.532534415
   26.633266533    0.537360000    0.537361791    0.537354014
   26.693386774    0.541864623    0.541866654    0.541858360
   26.753507014    0.546480042    0.546482362    0.546473657
   26.813627255    0.550067526    0.550069957    0.550061125
   26.873747495    0.550049141    0.550051176    0.550041577
   26.933867735    0.548979149    0.548980925    0.548969727
   26.993987976    0.550995375    0.550997952    0.550985424
   27.054108216    0.555391994    0.555395124    0.555382179
   27.114228457    0.559630008    0.559633646    0.559620546
   27.174348697    0.561825803    0.561829612    0.561816808
   27.234468938    0.559283016    0.559286400    0.559275053
   27.294589178    0.558945291    0.558948281    0.558938071
   27.354709419    0.562747604    0.562750553    0.562740318
   27.414829659    0.566277177    0.566280503    0.566269821
   27.474949900    0.567192453    0.567196595    0.567185670
   27.535070140    0.568231831    0.568236061    0.568225608
   27.595190381    0.571577248    0.571581653    0.571571347
   27.655310621    0.574349341    0.574355518    0.574344233
   27.715430862    0.576613493    0.576621116    0.576607917
   27.775551102    0.579248012    0.579253436    0.579239531
   27.835671343    0.581859740    0.581863762    0.581849918
   27.895791583    0.582240294    0.582244449    0.582231483
   27.955911824    0.579637404    0.579641884    0.579629621
   28.016032064    0.577041498    0.577046103    0.577033104
   28.076152305    0.578604440    0.578608676    0.578594211
   28.136272545    0.582029579    0.582033556    0.582018396
   28.196392786    0.586009020    0.586013197    0.585997635
   28.256513026    0.590065222    0.590069794    0.590053779
   28.316633267    0.594038670    0.594043672    0.594027139
   28.376753507    0.597858317    0.597863720    0.597846604
   28.436873747    0.600879443    0.600885022    0.600867256
   28.496993988    0.601720076    0.601725302    0.601706938
   28.557114228    0.602127715    0.602132967    0.602114392
   28.617234469    0.604335959    0.604341874    0.604322699
   28.677354709    0.606296280    0.606302741    0.606281706
   28.737474950    0.605330780    0.605336946    0.605313411
   28.797595190    0.602700951    0.602707313    0.602683072
   28.857715431    0.603442413    0.603449392    0.603425210
   28.917835671    0.606588847    0.606595919    0.606571835
   28.977955912    0.609778279    0.609784617    0.609761053
   29.038076152    0.612164146    0.612169936    0.612145222
   29.098196393    0.614345852    0.614351493    0.614324265
   29.158316633    0.616256311    0.616260689    0.616230043
   29.218436874    0.618188527    0.618191395    0.618157707
   29.278557114    0.619921261    0.619924613    0.619887996
   29.338677355    0.621090345    0.621094888    0.621054808
   29.398797595    0.623181521    0.623187357    0.623143107
   29.458917836    0.625430370    0.625437552    0.625387871
   29.519038076    0.627266651    0.627275148    0.627219191
   29.579158317    0.628400680    0.628410995    0.628347447
   29.639278557    0.629696839    0.629709814    0.629636378
   29.699398798    0.631958631    0.631974460    0.631888407
   29.759519038    0.634551998    0.634571057    0.634469151
   29.819639279    0.637023040    0.637044670    0.636927224
   29.879759519    0.639070029    0.639087075    0.638977899
   29.939879760    0.640976504    0.640975187    0.640932954
   30.000000000    0.642659401    0.642644511    0.642688116
