# energy grid [eV]  eels components [arbitrary units]
#
    0.050000000    0.000870077    0.000867447    0.000868533
    0.054954955    0.000956852    0.000953960    0.000955154
    0.059909910    0.001043784    0.001040630    0.001041932
    0.064864865    0.001130887    0.001127470    0.001128880
    0.069819820    0.001218176    0.001214495    0.001216015
    0.074774775    0.001305665    0.001301721    0.001303349
    0.079729730    0.001393369    0.001389161    0.001390898
    0.084684685    0.001481303    0.001476830    0.001478677
    0.089639640    0.001569482    0.001564743    0.001566700
    0.094594595    0.001657921    0.001652916    0.001654982
    0.099549550    0.001746634    0.001741362    0.001743539
    0.104504505    0.001835638    0.001830098    0.001832385
    0.109459459    0.001924947    0.001919139    0.001921537
    0.114414414    0.002014577    0.002008500    0.002011009
    0.119369369    0.002104544    0.002098197    0.002100817
    0.124324324    0.002194864    0.002188245    0.002190978
    0.129279279    0.002285552    0.002278662    0.002281506
    0.134234234    0.002376625    0.002369462    0.002372419
    0.139189189    0.002468099    0.002460662    0.002463733
    0.144144144    0.002559991    0.002552279    0.002555463
    0.149099099    0.002652318    0.002644330    0.002647628
    0.154054054    0.002745096    0.002736831    0.002740243
    0.159009009    0.002838342    0.002829799    0.002833326
    0.163963964    0.002932075    0.002923252    0.002926894
    0.168918919    0.003026311    0.003017208    0.003020966
    0.173873874    0.003121069    0.003111684    0.003115558
    0.178828829    0.003216367    0.003206698    0.003210690
    0.183783784    0.003312223    0.003302269    0.003306378
    0.188738739    0.003408656    0.003398416    0.003402643
    0.193693694    0.003505685    0.003495157    0.003499503
    0.198648649    0.003603328    0.003592512    0.003596977
    0.203603604    0.003701607    0.003690500    0.003695085
    0.208558559    0.003800541    0.003789141    0.003793847
    0.213513514    0.003900149    0.003888455    0.003893283
    0.218468468    0.004000453    0.003988463    0.003993413
    0.223423423    0.004101473    0.004089186    0.004094259
    0.228378378    0.004203232    0.004190646    0.004195842
    0.233333333    0.004305750    0.004292862    0.004298183
    0.238288288    0.004409049    0.004395859    0.004401305
    0.243243243    0.004513153    0.004499658    0.004505230
    0.248198198    0.004618084    0.004604282    0.004609980
    0.253153153    0.004723866    0.004709755    0.004715581
    0.258108108    0.004830522    0.004816100    0.004822054
    0.263063063    0.004938077    0.004923342    0.004929426
    0.268018018    0.005046556    0.005031505    0.005037719
    0.272972973    0.005155984    0.005140616    0.005146961
    0.277927928    0.005266387    0.005250698    0.005257176
    0.282882883    0.005377791    0.005361780    0.005368390
    0.287837838    0.005490223    0.005473888    0.005480632
    0.292792793    0.005603712    0.005587049    0.005593929
    0.297747748    0.005718285    0.005701292    0.005708308
    0.302702703    0.005833971    0.005816646    0.005823799
    0.307657658    0.005950799    0.005933139    0.005940430
    0.312612613    0.006068800    0.006050802    0.006058233
    0.317567568    0.006188004    0.006169666    0.006177237
    0.322522523    0.006308444    0.006289762    0.006297475
    0.327477477    0.006430151    0.006411123    0.006418979
    0.332432432    0.006553158    0.006533781    0.006541782
    0.337387387    0.006677500    0.006657771    0.006665917
    0.342342342    0.006803212    0.006783126    0.006791419
    0.347297297    0.006930328    0.006909884    0.006918325
    0.352252252    0.007058885    0.007038079    0.007046670
    0.357207207    0.007188921    0.007167750    0.007176491
    0.362162162    0.007320474    0.007298935    0.007307828
    0.367117117    0.007453584    0.007431672    0.007440720
    0.372072072    0.007588291    0.007566003    0.007575206
    0.377027027    0.007724636    0.007701969    0.007711328
    0.381981982    0.007862662    0.007839612    0.007849129
    0.386936937    0.008002413    0.007978976    0.007988653
    0.391891892    0.008143933    0.008120106    0.008129944
    0.396846847    0.008287270    0.008263048    0.008273049
    0.401801802    0.008432469    0.008407849    0.008418015
    0.406756757    0.008579581    0.008554558    0.008564890
    0.411711712    0.008728654    0.008703224    0.008713725
    0.416666667    0.008879742    0.008853901    0.008864571
    0.421621622    0.009032896    0.009006640    0.009017481
    0.426576577    0.009188172    0.009161495    0.009172511
    0.431531532    0.009345626    0.009318524    0.009329715
    0.436486486    0.009505315    0.009477784    0.009489152
    0.441441441    0.009667299    0.009639334    0.009650882
    0.446396396    0.009831640    0.009803237    0.009814965
    0.451351351    0.009998401    0.009969554    0.009981466
    0.456306306    0.010167646    0.010138351    0.010150448
    0.461261261    0.010339445    0.010309695    0.010321980
    0.466216216    0.010513865    0.010483656    0.010496131
    0.471171171    0.010690978    0.010660305    0.010672971
    0.476126126    0.010870859    0.010839715    0.010852576
    0.481081081    0.011053583    0.011021964    0.011035021
    0.486036036    0.011239229    0.011207129    0.011220385
    0.490990991    0.011427878    0.011395291    0.011408748
    0.495945946    0.011619615    0.011586534    0.011600195
    0.500900901    0.011814525    0.011780946    0.011794813
    0.505855856    0.012012699    0.011978615    0.011992691
    0.510810811    0.012214230    0.012179634    0.012193922
    0.515765766    0.012419213    0.012384099    0.012398601
    0.520720721    0.012627747    0.012592109    0.012606827
    0.525675676    0.012839936    0.012803766    0.012818704
    0.530630631    0.013055885    0.013019177    0.013034337
    0.535585586    0.013275704    0.013238452    0.013253837
    0.540540541    0.013499508    0.013461703    0.013477317
    0.545495495    0.013727414    0.013689051    0.013704895
    0.550450450    0.013959545    0.013920615    0.013936694
    0.555405405    0.014196028    0.014156524    0.014172840
    0.560360360    0.014436994    0.014396909    0.014413465
    0.565315315    0.014682581    0.014641906    0.014658706
    0.570270270    0.014932930    0.014891658    0.014908704
    0.575225225    0.015188187    0.015146310    0.015163607
    0.580180180    0.015448507    0.015406016    0.015423567
    0.585135135    0.015714047    0.015670935    0.015688742
    0.590090090    0.015984974    0.015941231    0.015959299
    0.595045045    0.016261458    0.016217076    0.016235408
    0.600000000    0.016543679    0.016498648    0.016517249
    0.604954955    0.016831821    0.016786133    0.016805006
    0.609909910    0.017126079    0.017079725    0.017098873
    0.614864865    0.017426654    0.017379624    0.017399052
    0.619819820    0.017733756    0.017686041    0.017705751
    0.624774775    0.018047603    0.017999193    0.018019191
    0.629729730    0.018368424    0.018319309    0.018339599
    0.634684685    0.018696456    0.018646627    0.018667212
    0.639639640    0.019031948    0.018981393    0.019002278
    0.644594595    0.019375159    0.019323869    0.019345058
    0.649549550    0.019726359    0.019674323    0.019695821
    0.654504505    0.020085832    0.020033040    0.020054850
    0.659459459    0.020453873    0.020400313    0.020422441
    0.664414414    0.020830791    0.020776454    0.020798904
    0.669369369    0.021216911    0.021161784    0.021184561
    0.674324324    0.021612571    0.021556643    0.021579751
    0.679279279    0.022018127    0.021961386    0.021984830
    0.684234234    0.022433949    0.022376384    0.022400170
    0.689189189    0.022860429    0.022802029    0.022826160
    0.694144144    0.023297976    0.023238728    0.023263210
    0.699099099    0.023747020    0.023686912    0.023711750
    0.704054054    0.024208012    0.024147032    0.024172231
    0.709009009    0.024681427    0.024619562    0.024645128
    0.713963964    0.025167763    0.025105002    0.025130938
    0.718918919    0.025667546    0.025603875    0.025630188
    0.723873874    0.026181329    0.026116736    0.026143431
    0.728828829    0.026709693    0.026644165    0.026671247
    0.733783784    0.027253252    0.027186778    0.027214252
    0.738738739    0.027812655    0.027745221    0.027773093
    0.743693694    0.028388586    0.028320179    0.028348454
    0.748648649    0.028981766    0.028912374    0.028941056
    0.753603604    0.029592959    0.029522570    0.029551665
    0.758558559    0.030222973    0.030151573    0.030181088
    0.763513514    0.030872663    0.030800241    0.030830180
    0.768468468    0.031542936    0.031469480    0.031499847
    0.773423423    0.032234753    0.032160249    0.032191050
    0.778378378    0.032949133    0.032873571    0.032904811
    0.783333333    0.033687158    0.033610527    0.033642210
    0.788288288    0.034449981    0.034372269    0.034404401
    0.793243243    0.035238827    0.035160023    0.035192608
    0.798198198    0.036054998    0.035975094    0.036008135
    0.803153153    0.036899886    0.036818871    0.036852374
    0.808108108    0.037774974    0.037692840    0.037726807
    0.813063063    0.038681843    0.038598583    0.038633018
    0.818018018    0.039622188    0.039537795    0.039572700
    0.822972973    0.040597818    0.040512286    0.040547664
    0.827927928    0.041610673    0.041523998    0.041559851
    0.832882883    0.042662831    0.042575011    0.042611340
    0.837837838    0.043756524    0.043667557    0.043704363
    0.842792793    0.044894147    0.044804035    0.044841318
    0.847747748    0.046078280    0.045987026    0.046024785
    0.852702703    0.047311698    0.047219307    0.047257539
    0.857657658    0.048597393    0.048503874    0.048542576
    0.862612613    0.049938594    0.049843958    0.049883126
    0.867567568    0.051338788    0.051243051    0.051282678
    0.872522523    0.052801750    0.052704930    0.052745010
    0.877477477    0.054331565    0.054233686    0.054274209
    0.882432432    0.055932662    0.055833753    0.055874707
    0.887387387    0.057609851    0.057509946    0.057551318
    0.892342342    0.059368356    0.059267495    0.059309269
    0.897297297    0.061213861    0.061112092    0.061154248
    0.902252252    0.063152554    0.063049934    0.063092449
    0.907207207    0.065191185    0.065087778    0.065130626
    0.912162162    0.067337117    0.067232997    0.067276148
    0.917117117    0.069598390    0.069493645    0.069537064
    0.922072072    0.071983795    0.071878522    0.071922169
    0.927027027    0.074502945    0.074397257    0.074441087
    0.931981982    0.077166360    0.077060384    0.077104345
    0.936936937    0.079985552    0.079879433    0.079923465
    0.941891892    0.082973121    0.082867023    0.082911060
    0.946846847    0.086142852    0.086036957    0.086080925
    0.951801802    0.089509813    0.089404328    0.089448143
    0.956756757    0.093090455    0.092985607    0.093029176
    0.961711712    0.096902697    0.096798740    0.096841960
    0.966666667    0.100966005    0.100863219    0.100905975
    0.971621622    0.105301440    0.105200127    0.105242297
    0.976576577    0.109931657    0.109832147    0.109873597
    0.981531532    0.114880855    0.114783498    0.114824084
    0.986486486    0.120174614    0.120079776    0.120119350
    0.991441441    0.125839612    0.125747665    0.125786076
    0.996396396    0.131903145    0.131814459    0.131851556
    1.001351351    0.138392407    0.138307324    0.138342969
    1.006306306    0.145333424    0.145252237    0.145286313
    1.011261261    0.152749579    0.152672491    0.152704917
    1.016216216    0.160659597    0.160586678    0.160617428
    1.021171171    0.169074924    0.169006045    0.169035176
    1.026126126    0.177996412    0.177931177    0.177958857
    1.031081081    0.187410341    0.187347999    0.187374542
    1.036036036    0.197283887    0.197223247    0.197249147
    1.040990991    0.207560396    0.207499742    0.207525711
    1.045945946    0.218155069    0.218092105    0.218119092
    1.050900901    0.228952014    0.228883861    0.228913055
    1.055855856    0.239803938    0.239727208    0.239760007
    1.060810811    0.250535892    0.250446874    0.250484807
    1.065765766    0.260954294    0.260849271    0.260893865
    1.070720721    0.270861721    0.270737408    0.270790011
    1.075675676    0.280076681    0.279930734    0.279992301
    1.080630631    0.288455885    0.288287410    0.288358295
    1.085585586    0.295915141    0.295725096    0.295804889
    1.090540541    0.302444413    0.302235802    0.302323246
    1.095495495    0.308113418    0.307891230    0.307984252
    1.100450450    0.313066299    0.312837191    0.312933032
    1.105405405    0.317506593    0.317278397    0.317373815
    1.110360360    0.321675969    0.321457121    0.321548628
    1.115315315    0.325831198    0.325630193    0.325714281
    1.120270270    0.330223408    0.330048369    0.330121685
    1.125225225    0.335082378    0.334940759    0.335000227
    1.130180180    0.340607013    0.340505445    0.340548331
    1.135135135    0.346961903    0.346906151    0.346930078
    1.140090090    0.354279085    0.354274081    0.354277016
    1.145045045    0.362663825    0.362713749    0.362693970
    1.150000000    0.372203136    0.372311517    0.372267571
    1.154954955    0.382975732    0.383145549    0.383076208
    1.159909910    0.395061981    0.395295759    0.395199984
    1.164864865    0.408552429    0.408852306    0.408729220
    1.169819820    0.423553515    0.423921263    0.423770143
    1.174774775    0.440189496    0.440626452    0.440446756
    1.179729730    0.458600126    0.459107005    0.458898455
    1.184684685    0.478934271    0.479510799    0.479273532
    1.189639640    0.501340003    0.501984309    0.501719131
    1.194594595    0.525951768    0.526659501    0.526368255
    1.199549550    0.552875013    0.553638122    0.553324193
    1.204504505    0.582168234    0.582973388    0.582642361
    1.209459459    0.613822173    0.614648812    0.614309276
    1.214414414    0.647735869    0.648553937    0.648218425
    1.219369369    0.683689794    0.684457276    0.684143281
    1.224324324    0.721317271    0.721977805    0.721708761
    1.229279279    0.760077005    0.760557980    0.760364034
    1.234234234    0.799231559    0.799443328    0.799361648
    1.239189189    0.837838755    0.837675727    0.837750019
    1.244144144    0.874764478    0.874108884    0.874387805
    1.249099099    0.908725162    0.907454093    0.907988302
    1.254054054    0.938365151    0.936360890    0.937198757
    1.259009009    0.962367477    0.959530289    0.960712594
    1.263963964    0.979587034    0.975848553    0.977402981
    1.268918919    0.989185351    0.984519965    0.986456458
    1.273873874    0.990740242    0.985171762    0.987479840
    1.278828829    0.984305321    0.977907076    0.980555893
    1.283783784    0.970404798    0.963292838    0.966234063
    1.288738739    0.949964870    0.942285698    0.945458629
    1.293693694    0.924198439    0.916113908    0.919451714
    1.298648649    0.894468988    0.886141345    0.889577212
    1.303603604    0.862159825    0.853739268    0.857211485
    1.308558559    0.828568016    0.820184105    0.823639555
    1.313513514    0.794832330    0.786589483    0.789985445
    1.318468468    0.761895275    0.753871766    0.757176293
    1.323423423    0.730493158    0.722742670    0.725933923
    1.328378378    0.701165502    0.693720218    0.696785176
    1.333333333    0.674275262    0.667149635    0.670082536
    1.338288288    0.650032886    0.643227496    0.646028252
    1.343243243    0.628519423    0.622024553    0.624697277
    1.348198198    0.609705949    0.603504695    0.606056431
    1.353153153    0.593468271    0.587539163    0.589978808
    1.358108108    0.579597283    0.573916435    0.576253859
    1.363063063    0.567806403    0.562349278    0.564594607
    1.368018018    0.557738419    0.552481282    0.554644299
    1.372972973    0.548974608    0.543895741    0.545985391
    1.377927928    0.541049136    0.536129847    0.538153822
    1.382882883    0.533471063    0.528696487    0.530660902
    1.387837838    0.525754676    0.521114333    0.523023495
    1.392792793    0.517456324    0.512944365    0.514800677
    1.397747748    0.508213062    0.503828136    0.505632148
    1.402702703    0.497776220    0.493520940    0.495271575
    1.407657658    0.486032730    0.481912752    0.483607683
    1.412612613    0.473009130    0.469031968    0.470668105
    1.417567568    0.458857253    0.455030992    0.456605014
    1.422522523    0.443825076    0.440157165    0.441666014
    1.427477477    0.428219392    0.424715681    0.426156958
    1.432432432    0.412367814    0.409031918    0.410404144
    1.437387387    0.396586268    0.393419281    0.394722015
    1.442342342    0.381155495    0.378156002    0.379389834
    1.447297297    0.366307398    0.363471701    0.364638160
    1.452252252    0.352220084    0.349542562    0.350643969
    1.457207207    0.339019466    0.336492981    0.337532279
    1.462162162    0.326785118    0.324401418    0.325382009
    1.467117117    0.315558413    0.313308494    0.314234089
    1.472072072    0.305351448    0.303225869    0.304100356
    1.477027027    0.296155754    0.294144894    0.294972236
    1.481981982    0.287950113    0.286044379    0.286828526
    1.486936937    0.280707047    0.278897042    0.279641859
    1.491891892    0.274397756    0.272674410    0.273383628
    1.496846847    0.268995464    0.267350134    0.268027305
    1.501801802    0.264477330    0.262901861    0.263550336
    1.506756757    0.260825222    0.259311985    0.259934896
    1.511711712    0.258025702    0.256567595    0.257167858
    1.516666667    0.256069481    0.254659913    0.255240232
    1.521621622    0.254950439    0.253583288    0.254146178
    1.526576577    0.254664126    0.253333690    0.253881491
    1.531531532    0.255205518    0.253906459    0.254441363
    1.536486486    0.256565821    0.255293116    0.255817187
    1.541441441    0.258728163    0.257477067    0.257992254
    1.546396396    0.261662188    0.260428214    0.260936363
    1.551351351    0.265317713    0.264096638    0.264599484
    1.556306306    0.269617827    0.268405722    0.268904882
    1.561261261    0.274452052    0.273245347    0.273742289
    1.566216216    0.279670518    0.278466091    0.278962099
    1.571171171    0.285080484    0.283875787    0.284371909
    1.576126126    0.290446884    0.289240091    0.289737078
    1.581081081    0.295498675    0.294288838    0.294787079
    1.586036036    0.299942358    0.298729559    0.299229019
    1.590990991    0.303482949    0.302268413    0.302768588
    1.595945946    0.305850875    0.304637010    0.305136907
    1.600900901    0.306831134    0.305621477    0.306119638
    1.605855856    0.306289439    0.305088479    0.305583056
    1.610810811    0.304189707    0.303002603    0.303491471
    1.615765766    0.300598766    0.299430975    0.299911888
    1.620720721    0.295677136    0.294534017    0.295004768
    1.625675676    0.289658202    0.288544649    0.289003224
    1.630630631    0.282820639    0.281740785    0.282185483
    1.635585586    0.275459783    0.274416814    0.274846324
    1.640540541    0.267862758    0.266858842    0.267272273
    1.645495495    0.260290244    0.259326552    0.259723422
    1.650450450    0.252965638    0.252042444    0.252422641
    1.655405405    0.246070817    0.245187634    0.245551360
    1.660360360    0.239746803    0.238902542    0.239250245
    1.665315315    0.234097474    0.233290596    0.233622911
    1.670270270    0.229194676    0.228423334    0.228741022
    1.675225225    0.225083492    0.224345651    0.224649550
    1.680180180    0.221786845    0.221080387    0.221371369
    1.685135135    0.219308968    0.218631769    0.218910710
    1.690090090    0.217637486    0.216987489    0.217255235
    1.695045045    0.216744086    0.216119355    0.216376704
    1.700000000    0.216583851    0.215982617    0.216230298
    1.704954955    0.217093481    0.216514189    0.216752842
    1.709909910    0.218188806    0.217630153    0.217860315
    1.714864865    0.219762190    0.219223158    0.219445247
    1.719819820    0.221680663    0.221160544    0.221374852
    1.724774775    0.223785851    0.223284256    0.223490943
    1.729729730    0.225896859    0.225413706    0.225612803
    1.734684685    0.227817092    0.227352561    0.227543994
    1.739639640    0.229345482    0.228899936    0.229083553
    1.744594595    0.230291612    0.229865478    0.230041102
    1.749549550    0.230493037    0.230086672    0.230254153
    1.754504505    0.229832060    0.229445602    0.229604881
    1.759459459    0.228248655    0.227881906    0.228033062
    1.764414414    0.225746736    0.225399091    0.225542371
    1.769369369    0.222392277    0.222062717    0.222198540
    1.774324324    0.218303729    0.217990878    0.218119810
    1.779279279    0.213636876    0.213339103    0.213461814
    1.784234234    0.208567291    0.208282836    0.208400053
    1.789189189    0.203273576    0.203000673    0.203113123
    1.794144144    0.197923735    0.197660711    0.197769083
    1.799099099    0.192665881    0.192411222    0.192516142
    1.804054054    0.187623343    0.187375732    0.187477743
    1.809009009    0.182893471    0.182651793    0.182751356
    1.813963964    0.178549082    0.178312415    0.178409910
    1.818918919    0.174641476    0.174409068    0.174504805
    1.823873874    0.171204121    0.170975365    0.171069595
    1.828828829    0.168256369    0.168030772    0.168123698
    1.833783784    0.165806799    0.165583960    0.165675747
    1.838738739    0.163855987    0.163635577    0.163726361
    1.843693694    0.162398623    0.162180368    0.162270262
    1.848648649    0.161425001    0.161208671    0.161297769
    1.853603604    0.160921933    0.160707332    0.160795715
    1.858558559    0.160873195    0.160660163    0.160747898
    1.863513514    0.161259644    0.161048053    0.161135191
    1.868468468    0.162059153    0.161848910    0.161935489
    1.873423423    0.163246576    0.163037632    0.163123673
    1.878378378    0.164793991    0.164586340    0.164671844
    1.883333333    0.166671431    0.166465125    0.166550071
    1.888288288    0.168848343    0.168643490    0.168727832
    1.893243243    0.171295819    0.171092588    0.171176257
    1.898198198    0.173989497    0.173788116    0.173871017
    1.903153153    0.176912754    0.176713499    0.176795518
    1.908108108    0.180059608    0.179862795    0.179943801
    1.913063063    0.183436718    0.183242683    0.183322537
    1.918018018    0.187063973    0.186873052    0.186951615
    1.922972973    0.190973546    0.190786056    0.190863196
    1.927927928    0.195207665    0.195023889    0.195099491
    1.932882883    0.199815719    0.199635885    0.199709853
    1.937837838    0.204851379    0.204675646    0.204747915
    1.942792793    0.210370378    0.210198824    0.210269362
    1.947747748    0.216429287    0.216261891    0.216330707
    1.952702703    0.223085341    0.222921964    0.222989117
    1.957657658    0.230397115    0.230237476    0.230303082
    1.962612613    0.238425720    0.238269372    0.238333619
    1.967567568    0.247236181    0.247082484    0.247145637
    1.972522523    0.256898723    0.256746824    0.256809237
    1.977477477    0.267489842    0.267338665    0.267400785
    1.982432432    0.279093070    0.278941315    0.279003681
    1.987387387    0.291799342    0.291645510    0.291708742
    1.992342342    0.305706801    0.305549221    0.305614010
    1.997297297    0.320919737    0.320756614    0.320823702
    2.002252252    0.337546332    0.337375795    0.337445955
    2.007207207    0.355694835    0.355514975    0.355588992
    2.012162162    0.375467829    0.375276735    0.375355397
    2.017117117    0.396954302    0.396750068    0.396834160
    2.022072072    0.420219194    0.419999916    0.420090221
    2.027027027    0.445290104    0.445053852    0.445151165
    2.031981982    0.472140876    0.471885666    0.471990803
    2.036936937    0.500672020    0.500395771    0.500509589
    2.041891892    0.530688364    0.530388873    0.530512280
    2.046846847    0.561875279    0.561550211    0.561684168
    2.051801802    0.593776024    0.593422941    0.593568453
    2.056756757    0.625774471    0.625390912    0.625548993
    2.061711712    0.657089050    0.656672688    0.656844298
    2.066666667    0.686784924    0.686333798    0.686519744
    2.071621622    0.713810933    0.713323775    0.713524580
    2.076576577    0.737065110    0.736541719    0.736757465
    2.081531532    0.755486774    0.754928411    0.755158577
    2.086486486    0.768165371    0.767575080    0.767818409
    2.091441441    0.774448399    0.773831181    0.774085609
    2.096396396    0.774026515    0.773389268    0.773651949
    2.101351351    0.766976079    0.766327290    0.766594722
    2.106306306    0.753748516    0.753097729    0.753365975
    2.111261261    0.735109015    0.734466160    0.734731123
    2.116216216    0.712039241    0.711413950    0.711671658
    2.121171171    0.685625465    0.685026465    0.685273319
    2.126126126    0.656953055    0.656387723    0.656620682
    2.131081081    0.627022368    0.626496471    0.626713157
    2.136036036    0.596692919    0.596210519    0.596409259
    2.140990991    0.566655502    0.566219001    0.566398808
    2.145945946    0.537427367    0.537037633    0.537198151
    2.150900901    0.509363726    0.509020276    0.509161709
    2.155855856    0.482679123    0.482380331    0.482503353
    2.160810811    0.457473468    0.457216783    0.457322450
    2.165765766    0.433759045    0.433541211    0.433630870
    2.170720721    0.411486144    0.411303416    0.411378616
    2.175675676    0.390565926    0.390414272    0.390476679
    2.180630631    0.370889774    0.370765057    0.370816380
    2.185585586    0.352344771    0.352242904    0.352284830
    2.190540541    0.334825207    0.334742273    0.334776418
    2.195495495    0.318240142    0.318172475    0.318200351
    2.200450450    0.302517246    0.302461495    0.302484483
    2.205405405    0.287603345    0.287556504    0.287575841
    2.210360360    0.273462343    0.273421771    0.273438545
    2.215315315    0.260071404    0.260034832    0.260049974
    2.220270270    0.247416348    0.247381879    0.247396167
    2.225225225    0.235487154    0.235453248    0.235467314
    2.230180180    0.224274205    0.224239656    0.224253994
    2.235135135    0.213765629    0.213729532    0.213744511
    2.240090090    0.203945807    0.203907519    0.203923402
    2.245045045    0.194794887    0.194753986    0.194770945
    2.250000000    0.186289066    0.186245308    0.186263441
    2.254954955    0.178401330    0.178354606    0.178373958
    2.259909910    0.171102422    0.171052727    0.171073298
    2.264864865    0.164361838    0.164309236    0.164331000
    2.269819820    0.158148736    0.158093338    0.158116248
    2.274774775    0.152432684    0.152374629    0.152398629
    2.279729730    0.147184244    0.147123683    0.147148710
    2.284684685    0.142375376    0.142312462    0.142338454
    2.289639640    0.137979698    0.137914579    0.137941474
    2.294594595    0.133972621    0.133905433    0.133933176
    2.299549550    0.130331398    0.130262266    0.130290806
    2.304504505    0.127035116    0.126964147    0.126993440
    2.309459459    0.124064664    0.123991949    0.124021957
    2.314414414    0.121402706    0.121328319    0.121359013
    2.319369369    0.119033704    0.118957702    0.118989058
    2.324324324    0.116943979    0.116866403    0.116898405
    2.329279279    0.115121846    0.115042721    0.115075358
    2.334234234    0.113557775    0.113477108    0.113510379
    2.339189189    0.112244547    0.112162330    0.112196237
    2.344144144    0.111177335    0.111093543    0.111128097
    2.349099099    0.110353654    0.110268247    0.110303464
    2.354054054    0.109773115    0.109686035    0.109721941
    2.359009009    0.109436974    0.109348145    0.109384770
    2.363963964    0.109347466    0.109256794    0.109294176
    2.368918919    0.109506956    0.109414330    0.109452516
    2.373873874    0.109916925    0.109822215    0.109861258
    2.378828829    0.110576791    0.110479849    0.110519812
    2.383783784    0.111482578    0.111383238    0.111424188
    2.388738739    0.112625418    0.112523496    0.112565508
    2.393693694    0.113989923    0.113885217    0.113928376
    2.398648649    0.115552518    0.115444812    0.115489206
    2.403603604    0.117279904    0.117168965    0.117214691
    2.408558559    0.119127956    0.119013540    0.119060697
    2.413513514    0.121041457    0.120923310    0.120972004
    2.418468468    0.122955135    0.122832996    0.122883334
    2.423423423    0.124796414    0.124670020    0.124722110
    2.428378378    0.126490057    0.126359145    0.126413096
    2.433333333    0.127964451    0.127828767    0.127884684
    2.438288288    0.129158760    0.129018060    0.129076042
    2.443243243    0.130029632    0.129883696    0.129943835
    2.448198198    0.130556025    0.130404665    0.130467037
    2.453153153    0.130740907    0.130583979    0.130648645
    2.458108108    0.130609373    0.130446799    0.130513790
    2.463063063    0.130203610    0.130035397    0.130104710
    2.468018018    0.129575960    0.129402228    0.129473813
    2.472972973    0.128781686    0.128602693    0.128676445
    2.477927928    0.127872942    0.127689109    0.127764853
    2.482882883    0.126894923    0.126706843    0.126784335
    2.487837838    0.125884546    0.125692988    0.125771911
    2.492792793    0.124871376    0.124677264    0.124757238
    2.497747748    0.123880080    0.123684454    0.123765049
    2.502702703    0.122933450    0.122737408    0.122818174
    2.507657658    0.122055117    0.121859749    0.121940235
    2.512612613    0.121271286    0.121077604    0.121157394
    2.517567568    0.120611276    0.120420154    0.120498889
    2.522522523    0.120106965    0.119919099    0.119996492
    2.527477477    0.119791557    0.119607440    0.119683287
    2.532432432    0.119698116    0.119518040    0.119592223
    2.537387387    0.119858281    0.119682352    0.119754827
    2.542342342    0.120301376    0.120129544    0.120200331
    2.547297297    0.121054013    0.120886108    0.120955278
    2.552252252    0.122140159    0.121975924    0.122043582
    2.557207207    0.123581563    0.123420688    0.123486962
    2.562162162    0.125398462    0.125240612    0.125305640
    2.567117117    0.127610465    0.127455299    0.127519221
    2.572072072    0.130237535    0.130084724    0.130147675
    2.577027027    0.133301003    0.133150237    0.133212345
    2.581981982    0.136824541    0.136675532    0.136736915
    2.586936937    0.140835004    0.140687483    0.140748253
    2.591891892    0.145363081    0.145216793    0.145277054
    2.596846847    0.150443671    0.150298363    0.150358220
    2.601801802    0.156115946    0.155971360    0.156030920
    2.606756757    0.162423072    0.162278939    0.162338312
    2.611711712    0.169411559    0.169267587    0.169326894
    2.616666667    0.177130180    0.176986053    0.177045425
    2.621621622    0.185628380    0.185483754    0.185543332
    2.626576577    0.194954017    0.194808518    0.194868457
    2.631531532    0.205150242    0.205003468    0.205063934
    2.636486486    0.216251301    0.216102820    0.216163991
    2.641441441    0.228276995    0.228126346    0.228188412
    2.646396396    0.241225606    0.241072297    0.241135461
    2.651351351    0.255065144    0.254908655    0.254973131
    2.656306306    0.269722992    0.269562772    0.269628788
    2.661261261    0.285074363    0.284909831    0.284977625
    2.666216216    0.300930522    0.300761069    0.300830892
    2.671171171    0.317028456    0.316853450    0.316925563
    2.676126126    0.333024509    0.332843300    0.332917970
    2.681081081    0.348495228    0.348307160    0.348384658
    2.686036036    0.362948907    0.362753335    0.362833927
    2.690990991    0.375850591    0.375646897    0.375730837
    2.695945946    0.386661210    0.386448826    0.386536348
    2.700900901    0.394888076    0.394666496    0.394757808
    2.705855856    0.400139875    0.399908666    0.400003947
    2.710810811    0.402176078    0.401934874    0.402034276
    2.715765766    0.400939971    0.400688460    0.400792110
    2.720720721    0.396567332    0.396305215    0.396413238
    2.725675676    0.389368489    0.389095445    0.389207973
    2.730630631    0.379788138    0.379503780    0.379620972
    2.735585586    0.368352178    0.368056020    0.368178077
    2.740540541    0.355612445    0.355303884    0.355431055
    2.745495495    0.342098500    0.341776811    0.341909394
    2.750450450    0.328281902    0.327946263    0.328084598
    2.755405405    0.314554470    0.314204002    0.314348451
    2.760360360    0.301219005    0.300852833    0.301003756
    2.765315315    0.288489455    0.288106787    0.288264511
    2.770270270    0.276497244    0.276097471    0.276262245
    2.775225225    0.265301088    0.264883887    0.265055846
    2.780180180    0.254898528    0.254463982    0.254643089
    2.785135135    0.245238317    0.244787028    0.244973035
    2.790090090    0.236233419    0.235766602    0.235959008
    2.795045045    0.227774583    0.227294132    0.227492155
    2.800000000    0.219744293    0.219252791    0.219455366
    2.804954955    0.212030405    0.211531071    0.211736870
    2.809909910    0.204538239    0.204034797    0.204242285
    2.814864865    0.197199624    0.196696115    0.196903627
    2.819819820    0.189977607    0.189478151    0.189683988
    2.824774775    0.182866262    0.182374815    0.182577347
    2.829729730    0.175886094    0.175406224    0.175603981
    2.834684685    0.169076372    0.168611093    0.168802834
    2.839639640    0.162486236    0.162037908    0.162222660
    2.844594595    0.156166233    0.155736528    0.155913603
    2.849549550    0.150161471    0.149751404    0.149920384
    2.854504505    0.144506883    0.144116888    0.144277595
    2.859459459    0.139224571    0.138854593    0.139007050
    2.864414414    0.134322853    0.133972456    0.134116844
    2.869369369    0.129796565    0.129465037    0.129601649
    2.874324324    0.125628253    0.125314694    0.125443901
    2.879279279    0.121790009    0.121493413    0.121615630
    2.884234234    0.118245875    0.117965191    0.118080850
    2.889189189    0.114954765    0.114688943    0.114798479
    2.894144144    0.111873831    0.111621856    0.111725686
    2.899099099    0.108962025    0.108722937    0.108821456
    2.904054054    0.106183461    0.105956368    0.106049944
    2.909009009    0.103510048    0.103294122    0.103383097
    2.913963964    0.100922873    0.100717354    0.100802040
    2.918918919    0.098412066    0.098216251    0.098296939
    2.923873874    0.095975182    0.095788417    0.095865376
    2.928828829    0.093614489    0.093436167    0.093509646
    2.933783784    0.091333793    0.091163344    0.091233580
    2.938738739    0.089135436    0.088972330    0.089039540
    2.943693694    0.087018015    0.086861757    0.086926145
    2.948648649    0.084975140    0.084825272    0.084887027
    2.953603604    0.082995361    0.082851465    0.082910759
    2.958558559    0.081063189    0.080924885    0.080981875
    2.963513514    0.079161015    0.079027963    0.079082788
    2.968468468    0.077271574    0.077143468    0.077196255
    2.973423423    0.075380518    0.075257088    0.075307948
    2.978378378    0.073478606    0.073359606    0.073408641
    2.983333333    0.071563038    0.071448248    0.071495548
    2.988288288    0.069637698    0.069526910    0.069572561
    2.993243243    0.067712250    0.067605268    0.067649350
    2.998198198    0.065800380    0.065697012    0.065739605
    3.003153153    0.063917576    0.063817634    0.063858816
    3.008108108    0.062078929    0.061982225    0.062022073
    3.013063063    0.060297292    0.060203641    0.060242230
    3.018018018    0.058582045    0.058491263    0.058528671
    3.022972973    0.056938504    0.056850412    0.056886711
    3.027927928    0.055367950    0.055282374    0.055317636
    3.032882883    0.053868168    0.053784942    0.053819236
    3.037837838    0.052434373    0.052353338    0.052386729
    3.042792793    0.051060353    0.050981359    0.051013909
    3.047747748    0.049739673    0.049662577    0.049694346
    3.052702703    0.048466747    0.048391413    0.048422456
    3.057657658    0.047237622    0.047163920    0.047194291
    3.062612613    0.046050369    0.045978173    0.046007924
    3.067567568    0.044905059    0.044834247    0.044863428
    3.072522523    0.043803399    0.043733849    0.043762510
    3.077477477    0.042748155    0.042679746    0.042707937
    3.082432432    0.041742512    0.041675125    0.041702896
    3.087387387    0.040789506    0.040723023    0.040750421
    3.092342342    0.039891580    0.039825883    0.039852958
    3.097297297    0.039050304    0.038985280    0.039012078
    3.102252252    0.038266237    0.038201778    0.038228343
    3.107207207    0.037538886    0.037474894    0.037501267
    3.112162162    0.036866748    0.036803133    0.036829351
    3.117117117    0.036247380    0.036184068    0.036210161
    3.122072072    0.035677509    0.035614444    0.035640435
    3.127027027    0.035153176    0.035090322    0.035116226
    3.131981982    0.034669914    0.034607261    0.034633081
    3.136936937    0.034222991    0.034160554    0.034186285
    3.141891892    0.033807704    0.033745524    0.033771147
    3.146846847    0.033419712    0.033357852    0.033383342
    3.151801802    0.033055371    0.032993916    0.033019238
    3.156756757    0.032712021    0.032651065    0.032676180
    3.161711712    0.032388151    0.032327795    0.032352661
    3.166666667    0.032083429    0.032023769    0.032048347
    3.171621622    0.031798574    0.031739696    0.031763951
    3.176576577    0.031535116    0.031477090    0.031500993
    3.181531532    0.031295095    0.031237975    0.031261505
    3.186486486    0.031080780    0.031024601    0.031047742
    3.191441441    0.030894438    0.030839216    0.030861963
    3.196396396    0.030738206    0.030683946    0.030706297
    3.201351351    0.030614056    0.030560750    0.030582708
    3.206306306    0.030523838    0.030471469    0.030493042
    3.211261261    0.030469370    0.030417914    0.030439111
    3.216216216    0.030452545    0.030401972    0.030422806
    3.221171171    0.030475424    0.030425698    0.030446184
    3.226126126    0.030540301    0.030491383    0.030511536
    3.231081081    0.030649739    0.030601582    0.030621423
    3.236036036    0.030806577    0.030759129    0.030778678
    3.240990991    0.031013923    0.030967129    0.030986409
    3.245945946    0.031275156    0.031228954    0.031247990
    3.250900901    0.031593919    0.031548245    0.031567064
    3.255855856    0.031974135    0.031928921    0.031947551
    3.260810811    0.032420024    0.032375198    0.032393668
    3.265765766    0.032936119    0.032891609    0.032909950
    3.270720721    0.033527288    0.033483018    0.033501260
    3.275675676    0.034198725    0.034154619    0.034172793
    3.280630631    0.034955933    0.034911913    0.034930052
    3.285585586    0.035804664    0.035760649    0.035778786
    3.290540541    0.036750805    0.036706714    0.036724882
    3.295495495    0.037800211    0.037755960    0.037774194
    3.300450450    0.038958438    0.038913941    0.038932277
    3.305405405    0.040230375    0.040185546    0.040204018
    3.310360360    0.041619742    0.041574490    0.041593136
    3.315315315    0.043128421    0.043082653    0.043101512
    3.320270270    0.044755620    0.044709241    0.044728352
    3.325225225    0.046496848    0.046449763    0.046469165
    3.330180180    0.048342745    0.048294854    0.048314588
    3.335135135    0.050277812    0.050229016    0.050249122
    3.340090090    0.052279190    0.052229390    0.052249910
    3.345045045    0.054315674    0.054264774    0.054285747
    3.350000000    0.056347230    0.056295135    0.056316600
    3.354954955    0.058325321    0.058271942    0.058293937
    3.359909910    0.060194348    0.060139602    0.060162161
    3.364864865    0.061894389    0.061838199    0.061861353
    3.369819820    0.063365239    0.063307537    0.063331315
    3.374774775    0.064551467    0.064492190    0.064516617
    3.379729730    0.065407887    0.065346980    0.065372080
    3.384684685    0.065904597    0.065842006    0.065867801
    3.389639640    0.066030624    0.065966300    0.065992810
    3.394594595    0.065795404    0.065729296    0.065756543
    3.399549550    0.065227661    0.065159720    0.065187724
    3.404504505    0.064371866    0.064302045    0.064330826
    3.409459459    0.063282939    0.063211194    0.063240770
    3.414414414    0.062020220    0.061946524    0.061976906
    3.419369369    0.060641767    0.060566113    0.060597304
    3.424324324    0.059199787    0.059122201    0.059154191
    3.429279279    0.057737673    0.057658224    0.057690986
    3.434234234    0.056288722    0.056207532    0.056241014
    3.439189189    0.054876341    0.054793589    0.054827719
    3.444144144    0.053515396    0.053431318    0.053465998
    3.449099099    0.052214251    0.052129129    0.052164242
    3.454054054    0.050977060    0.050891208    0.050926625
    3.459009009    0.049805921    0.049719662    0.049755250
    3.463963964    0.048702556    0.048616194    0.048651826
    3.468918919    0.047669354    0.047583153    0.047618721
    3.473873874    0.046709758    0.046623920    0.046659339
    3.478828829    0.045828094    0.045742748    0.045777964
    3.483783784    0.045029050    0.044944247    0.044979239
    3.488738739    0.044316991    0.044232714    0.044267488
    3.493693694    0.043695296    0.043611470    0.043646056
    3.498648649    0.043165796    0.043082312    0.043116754
    3.503603604    0.042728391    0.042645124    0.042679473
    3.508558559    0.042380848    0.042297677    0.042331982
    3.513513514    0.042118797    0.042035631    0.042069930
    3.518468468    0.041935956    0.041852749    0.041887059
    3.523423423    0.041824576    0.041741342    0.041775657
    3.528378378    0.041776133    0.041692953    0.041727240
    3.533333333    0.041782225    0.041699251    0.041733446
    3.538288288    0.041835595    0.041753040    0.041787056
    3.543243243    0.041931140    0.041849266    0.041882995
    3.548198198    0.042066728    0.041985827    0.042019149
    3.553153153    0.042243683    0.042164053    0.042196846
    3.558108108    0.042466834    0.042388754    0.042420905
    3.563063063    0.042744148    0.042667861    0.042699269
    3.568018018    0.043086060    0.043011758    0.043042345
    3.572972973    0.043504669    0.043432481    0.043462195
    3.577927928    0.044012959    0.043942952    0.043971767
    3.582882883    0.044624177    0.044556359    0.044584272
    3.587837838    0.045351415    0.045285742    0.045312772
    3.592792793    0.046207406    0.046143791    0.046169973
    3.597747748    0.047204476    0.047142795    0.047168181
    3.602702703    0.048354597    0.048294703    0.048319354
    3.607657658    0.049669481    0.049611207    0.049635192
    3.612612613    0.051160641    0.051103808    0.051127201
    3.617567568    0.052839381    0.052783803    0.052806680
    3.622522523    0.054716659    0.054662146    0.054684586
    3.627477477    0.056802789    0.056749151    0.056771232
    3.632432432    0.059106919    0.059053966    0.059075765
    3.637387387    0.061636247    0.061583792    0.061605387
    3.642342342    0.064394927    0.064342786    0.064364252
    3.647297297    0.067382602    0.067330598    0.067352008
    3.652252252    0.070592556    0.070540517    0.070561942
    3.657207207    0.074009485    0.073957248    0.073978755
    3.662162162    0.077606982    0.077554398    0.077576048
    3.667117117    0.081344938    0.081291872    0.081313721
    3.672072072    0.085167216    0.085113556    0.085135650
    3.677027027    0.089000151    0.088945811    0.088968185
    3.681981982    0.092752573    0.092697502    0.092720176
    3.686936937    0.096318137    0.096262325    0.096285304
    3.691891892    0.099580592    0.099524076    0.099547344
    3.696846847    0.102422191    0.102365059    0.102388580
    3.701801802    0.104734701    0.104677093    0.104700809
    3.706756757    0.106431582    0.106373684    0.106397518
    3.711711712    0.107459146    0.107401183    0.107425042
    3.716666667    0.107804312    0.107746534    0.107770316
    3.721621622    0.107497108    0.107439772    0.107463371
    3.726576577    0.106607297    0.106550649    0.106573964
    3.731531532    0.105235994    0.105180255    0.105203195
    3.736486486    0.103504243    0.103449594    0.103472085
    3.741441441    0.101540965    0.101487542    0.101509527
    3.746396396    0.099472360    0.099420249    0.099441693
    3.751351351    0.097414039    0.097363280    0.097384168
    3.756306306    0.095466292    0.095416880    0.095437214
    3.761261261    0.093712155    0.093664052    0.093683847
    3.766216216    0.092217624    0.092170760    0.092190046
    3.771171171    0.091033183    0.090987468    0.091006281
    3.776126126    0.090195965    0.090151291    0.090169676
    3.781081081    0.089731992    0.089688243    0.089706247
    3.786036036    0.089658133    0.089615182    0.089632858
    3.790990991    0.089983563    0.089941284    0.089958684
    3.795945946    0.090710639    0.090668902    0.090686079
    3.800900901    0.091835148    0.091793826    0.091810833
    3.805855856    0.093346010    0.093304979    0.093321866
    3.810810811    0.095224503    0.095183645    0.095200461
    3.815765766    0.097443217    0.097402420    0.097419210
    3.820720721    0.099964935    0.099924097    0.099940905
    3.825675676    0.102741761    0.102700791    0.102717653
    3.830630631    0.105714769    0.105673588    0.105690537
    3.835585586    0.108814419    0.108772966    0.108790027
    3.840540541    0.111961839    0.111920067    0.111937260
    3.845495495    0.115070797    0.115028680    0.115046014
    3.850450450    0.118050027    0.118007558    0.118025038
    3.855405405    0.120805455    0.120762647    0.120780266
    3.860360360    0.123242050    0.123198937    0.123216682
    3.865315315    0.125265454    0.125222093    0.125239941
    3.870270270    0.126784022    0.126740491    0.126758409
    3.875225225    0.127712159    0.127668558    0.127686506
    3.880180180    0.127975599    0.127932045    0.127949974
    3.885135135    0.127518489    0.127475119    0.127492972
    3.890090090    0.126311138    0.126268099    0.126285817
    3.895045045    0.124356467    0.124313912    0.124331432
    3.900000000    0.121693132    0.121651212    0.121668470
    3.904954955    0.118394015    0.118352869    0.118369809
    3.909909910    0.114560049    0.114519800    0.114536371
    3.914864865    0.110310630    0.110271375    0.110287538
    3.919819820    0.105772620    0.105734431    0.105750155
    3.924774775    0.101070014    0.101032935    0.101048203
    3.929729730    0.096315772    0.096279822    0.096294626
    3.934684685    0.091606544    0.091571719    0.091586060
    3.939639640    0.087020238    0.086986515    0.087000402
    3.944594595    0.082615937    0.082583277    0.082596727
    3.949549550    0.078435421    0.078403777    0.078416809
    3.954504505    0.074505615    0.074474930    0.074487568
    3.959459459    0.070841360    0.070811575    0.070823843
    3.964414414    0.067448152    0.067419205    0.067431127
    3.969369369    0.064324588    0.064296418    0.064308021
    3.974324324    0.061464441    0.061436985    0.061448294
    3.979279279    0.058858307    0.058831509    0.058842548
    3.984234234    0.056494893    0.056468696    0.056479487
    3.989189189    0.054361947    0.054336297    0.054346863
    3.994144144    0.052446922    0.052421768    0.052432130
    3.999099099    0.050737405    0.050712701    0.050722879
    4.004054054    0.049221367    0.049197068    0.049207079
    4.009009009    0.047887255    0.047863319    0.047873181
    4.013963964    0.046723968    0.046700356    0.046710085
    4.018918919    0.045720736    0.045697411    0.045707022
    4.023873874    0.044866913    0.044843842    0.044853349
    4.028828829    0.044151719    0.044128870    0.044138285
    4.033783784    0.043563937    0.043541281    0.043550617
    4.038738739    0.043091624    0.043069133    0.043078402
    4.043693694    0.042721854    0.042699504    0.042708715
    4.048648649    0.042440563    0.042418332    0.042427495
    4.053603604    0.042232538    0.042210406    0.042219528
    4.058558559    0.042081587    0.042059538    0.042068626
    4.063513514    0.041970916    0.041948935    0.041957995
    4.068468468    0.041883684    0.041861760    0.041870797
    4.073423423    0.041803703    0.041781826    0.041790844
    4.078378378    0.041716217    0.041694379    0.041703381
    4.083333333    0.041608702    0.041586899    0.041595887
    4.088288288    0.041471632    0.041449860    0.041458836
    4.093243243    0.041299121    0.041277377    0.041286342
    4.098198198    0.041089371    0.041067653    0.041076607
    4.103153153    0.040844801    0.040823107    0.040832051
    4.108108108    0.040571790    0.040550115    0.040559052
    4.113063063    0.040280013    0.040258354    0.040267285
    4.118018018    0.039981470    0.039959821    0.039968747
    4.122972973    0.039689370    0.039667724    0.039676649
    4.127927928    0.039417078    0.039395425    0.039404353
    4.132882883    0.039177273    0.039155605    0.039164539
    4.137837838    0.038981412    0.038959715    0.038968661
    4.142792793    0.038839457    0.038817720    0.038826683
    4.147747748    0.038759829    0.038738036    0.038747022
    4.152702703    0.038749460    0.038727597    0.038736612
    4.157657658    0.038813901    0.038791953    0.038801003
    4.162612613    0.038957440    0.038935390    0.038944482
    4.167567568    0.039183243    0.039161075    0.039170216
    4.172522523    0.039493564    0.039471260    0.039480456
    4.177477477    0.039890039    0.039867581    0.039876841
    4.182432432    0.040374100    0.040351471    0.040360801
    4.187387387    0.040947463    0.040924644    0.040934053
    4.192342342    0.041612636    0.041589608    0.041599103
    4.197297297    0.042373345    0.042350088    0.042359677
    4.202252252    0.043234782    0.043211276    0.043220967
    4.207207207    0.044203603    0.044179826    0.044189629
    4.212162162    0.045287655    0.045263584    0.045273508
    4.217117117    0.046495474    0.046471084    0.046481140
    4.222072072    0.047835626    0.047810891    0.047821089
    4.227027027    0.049315992    0.049290885    0.049301236
    4.231981982    0.050943072    0.050917561    0.050928078
    4.236936937    0.052721331    0.052695384    0.052706081
    4.241891892    0.054652606    0.054626189    0.054637079
    4.246846847    0.056735500    0.056708574    0.056719674
    4.251801802    0.058964701    0.058937224    0.058948551
    4.256756757    0.061330153    0.061302080    0.061313652
    4.261711712    0.063816052    0.063787333    0.063799172
    4.266666667    0.066399736    0.066370318    0.066382444
    4.271621622    0.069050675    0.069020497    0.069032936
    4.276576577    0.071729894    0.071698891    0.071711670
    4.281531532    0.074390231    0.074358329    0.074371479
    4.286486486    0.076977783    0.076944903    0.076958456
    4.291441441    0.079434692    0.079400746    0.079414738
    4.296396396    0.081703077    0.081667970    0.081682441
    4.301351351    0.083729562    0.083693191    0.083708184
    4.306306306    0.085469581    0.085431839    0.085447397
    4.311261261    0.086890666    0.086851439    0.086867610
    4.316216216    0.087974215    0.087933389    0.087950219
    4.321171171    0.088715718    0.088673179    0.088690715
    4.326126126    0.089123837    0.089079479    0.089097765
    4.331081081    0.089218869    0.089172599    0.089191674
    4.336036036    0.089030953    0.088982701    0.089002593
    4.340990991    0.088598064    0.088547786    0.088568513
    4.345945946    0.087963569    0.087911262    0.087932826
    4.350900901    0.087173175    0.087118879    0.087141262
    4.355855856    0.086271268    0.086215076    0.086238240
    4.360810811    0.085297019    0.085239078    0.085262963
    4.365765766    0.084280778    0.084221287    0.084245810
    4.370720721    0.083241333    0.083180536    0.083205596
    4.375675676    0.082184461    0.082122640    0.082148121
    4.380630631    0.081103002    0.081040457    0.081066236
    4.385585586    0.079978483    0.079915521    0.079941471
    4.390540541    0.078784181    0.078721093    0.078747094
    4.395495495    0.077489340    0.077426392    0.077452335
    4.400450450    0.076064093    0.076001511    0.076027303
    4.405405405    0.074484441    0.074422403    0.074447970
    4.410360360    0.072736508    0.072675142    0.072700433
    4.415315315    0.070819323    0.070758709    0.070783689
    4.420270270    0.068745619    0.068685790    0.068710448
    4.425225225    0.066540570    0.066481520    0.066505857
    4.430180180    0.064238838    0.064180526    0.064204560
    4.435135135    0.061880659    0.061823013    0.061846773
    4.440090090    0.059507766    0.059450695    0.059474219
    4.445045045    0.057159863    0.057103256    0.057126589
    4.450000000    0.054872034    0.054815768    0.054838962
    4.454954955    0.052673250    0.052617194    0.052640302
    4.459909910    0.050585844    0.050529860    0.050552940
    4.464864865    0.048625740    0.048569685    0.048592795
    4.469819820    0.046803159    0.046746888    0.046770088
    4.474774775    0.045123580    0.045066945    0.045090296
    4.479729730    0.043588755    0.043531609    0.043555171
    4.484684685    0.042197678    0.042139869    0.042163706
    4.489639640    0.040947428    0.040888803    0.040912978
    4.494594595    0.039833875    0.039774280    0.039798855
    4.499549550    0.038852237    0.038791511    0.038816554
    4.504504505    0.037997507    0.037935486    0.037961064
    4.509459459    0.037264768    0.037201283    0.037227465
    4.514414414    0.036649422    0.036584295    0.036611155
    4.519369369    0.036147345    0.036080391    0.036108006
    4.524324324    0.035754996    0.035686017    0.035714469
    4.529279279    0.035469477    0.035398268    0.035427640
    4.534234234    0.035288581    0.035214919    0.035245304
    4.539189189    0.035210805    0.035134456    0.035165950
    4.544144144    0.035235358    0.035156071    0.035188778
    4.549099099    0.035362154    0.035279658    0.035313690
    4.554054054    0.035591786    0.035505792    0.035541269
    4.559009009    0.035925495    0.035835694    0.035872742
    4.563963964    0.036365114    0.036271175    0.036309931
    4.568918919    0.036912991    0.036814560    0.036855171
    4.573873874    0.037571877    0.037468576    0.037511197
    4.578828829    0.038344769    0.038236201    0.038280997
    4.583783784    0.039234709    0.039120457    0.039167599
    4.588738739    0.040244502    0.040124134    0.040173801
    4.593693694    0.041376365    0.041249442    0.041301814
    4.598648649    0.042631491    0.042497575    0.042552833
    4.603603604    0.044009537    0.043868206    0.043926524
    4.608558559    0.045508059    0.045358921    0.045420460
    4.613513514    0.047121948    0.046964667    0.047029566
    4.618468468    0.048842966    0.048677287    0.048745650
    4.623423423    0.050659513    0.050485285    0.050557174
    4.628378378    0.052556785    0.052373994    0.052449413
    4.633333333    0.054517511    0.054326301    0.054405191
    4.638288288    0.056523381    0.056324069    0.056406297
    4.643243243    0.058557157    0.058350235    0.058435598
    4.648198198    0.060605294    0.060391410    0.060479640
    4.653153153    0.062660644    0.062440566    0.062531346
    4.658108108    0.064724714    0.064499271    0.064592258
    4.663063063    0.066808884    0.066578901    0.066673756
    4.668018018    0.068934216    0.068700440    0.068796856
    4.672972973    0.071129746    0.070892778    0.070990508
    4.677927928    0.073429497    0.073189743    0.073288620
    4.682882883    0.075868684    0.075626322    0.075726274
    4.687837838    0.078479617    0.078234586    0.078335640
    4.692792793    0.081287724    0.081039737    0.081142011
    4.697747748    0.084307953    0.084056520    0.084160218
    4.702702703    0.087541662    0.087286132    0.087391523
    4.707657658    0.090974033    0.090713640    0.090821039
    4.712612613    0.094572082    0.094306004    0.094415750
    4.717567568    0.098283398    0.098010819    0.098123248
    4.722522523    0.102035856    0.101756032    0.101871449
    4.727477477    0.105738588    0.105450927    0.105569574
    4.732432432    0.109284537    0.108988673    0.109110699
    4.737387387    0.112554807    0.112250674    0.112376104
    4.742342342    0.115424913    0.115112809    0.115241517
    4.747297297    0.117772777    0.117453405    0.117585099
    4.752252252    0.119488034    0.119162510    0.119296726
    4.757207207    0.120481745    0.120151565    0.120287687
    4.762162162    0.120695249    0.120362221    0.120499500
    4.767117117    0.120106625    0.119772755    0.119910366
    4.772072072    0.118733420    0.118400782    0.118537870
    4.777027027    0.116630921    0.116301517    0.116437259
    4.781981982    0.113886245    0.113561884    0.113695536
    4.786936937    0.110609416    0.110291610    0.110422551
    4.791891892    0.106923122    0.106613033    0.106740787
    4.796846847    0.102952855    0.102651263    0.102775510
    4.801801802    0.098818618    0.098525938    0.098646510
    4.806756757    0.094628842    0.094345151    0.094462017
    4.811711712    0.090476541    0.090201631    0.090314879
    4.816666667    0.086437457    0.086170893    0.086280703
    4.821621622    0.082569753    0.082310930    0.082417552
    4.826576577    0.078914822    0.078663023    0.078766752
    4.831531532    0.075498811    0.075253259    0.075354416
    4.836486486    0.072334561    0.072094468    0.072193377
    4.841441441    0.069423743    0.069188350    0.069285325
    4.846396396    0.066759085    0.066527690    0.066623019
    4.851351351    0.064326615    0.064098606    0.064192541
    4.856306306    0.062107947    0.061882810    0.061975563
    4.861261261    0.060082551    0.059859878    0.059951616
    4.866216216    0.058229944    0.058009426    0.058100277
    4.871171171    0.056531652    0.056313059    0.056403116
    4.876126126    0.054972712    0.054755867    0.054845204
    4.881081081    0.053542541    0.053327289    0.053415970
    4.886036036    0.052235034    0.052021207    0.052109301
    4.890990991    0.051047921    0.050835313    0.050922905
    4.895945946    0.049981529    0.049769879    0.049857077
    4.900900901    0.049037203    0.048826188    0.048913126
    4.905855856    0.048215623    0.048004870    0.048091701
    4.910810811    0.047515246    0.047304347    0.047391239
    4.915765766    0.046930980    0.046719523    0.046806647
    4.920720721    0.046453190    0.046240801    0.046328311
    4.925675676    0.046067087    0.045853465    0.045941484
    4.930630631    0.045752566    0.045537535    0.045626136
    4.935585586    0.045484610    0.045268157    0.045357345
    4.940540541    0.045234365    0.045016678    0.045106376
    4.945495495    0.044970953    0.044752440    0.044842479
    4.950450450    0.044663968    0.044445262    0.044535382
    4.955405405    0.044286425    0.044068367    0.044158219
    4.960360360    0.043817715    0.043601311    0.043690482
    4.965315315    0.043246028    0.043032386    0.043120419
    4.970270270    0.042569698    0.042359955    0.042446381
    4.975225225    0.041797185    0.041592428    0.041676799
    4.980180180    0.040945702    0.040746900    0.040828818
    4.985135135    0.040038839    0.039846793    0.039925926
    4.990090090    0.039103724    0.038919033    0.038995135
    4.995045045    0.038168263    0.037991319    0.038064229
    5.000000000    0.037258883    0.037089877    0.037159516
