# energy grid [eV]  eels components [arbitrary units]
#
    0.000000000    0.000000000    0.000000000    0.000000000
    0.060120240    0.000051569    0.000051569    0.000051569
    0.120240481    0.000103183    0.000103183    0.000103183
    0.180360721    0.000154888    0.000154888    0.000154888
    0.240480962    0.000206732    0.000206732    0.000206732
    0.300601202    0.000258762    0.000258762    0.000258762
    0.360721443    0.000311027    0.000311027    0.000311027
    0.420841683    0.000363580    0.000363580    0.000363579
    0.480961924    0.000416473    0.000416473    0.000416473
    0.541082164    0.000469765    0.000469765    0.000469765
    0.601202405    0.000523517    0.000523517    0.000523516
    0.661322645    0.000577794    0.000577794    0.000577793
    0.721442886    0.000632667    0.000632667    0.000632667
    0.781563126    0.000688215    0.000688215    0.000688215
    0.841683367    0.000744523    0.000744523    0.000744523
    0.901803607    0.000801686    0.000801686    0.000801685
    0.961923848    0.000859809    0.000859809    0.000859808
    1.022044088    0.000919011    0.000919011    0.000919011
    1.082164329    0.000979428    0.000979428    0.000979428
    1.142284569    0.001041215    0.001041214    0.001041214
    1.202404810    0.001104548    0.001104548    0.001104547
    1.262525050    0.001169635    0.001169635    0.001169634
    1.322645291    0.001236719    0.001236719    0.001236718
    1.382765531    0.001306087    0.001306087    0.001306086
    1.442885772    0.001378083    0.001378083    0.001378082
    1.503006012    0.001453123    0.001453122    0.001453122
    1.563126253    0.001531714    0.001531714    0.001531713
    1.623246493    0.001614486    0.001614486    0.001614485
    1.683366733    0.001702227    0.001702227    0.001702226
    1.743486974    0.001795941    0.001795940    0.001795940
    1.803607214    0.001896923    0.001896922    0.001896922
    1.863727455    0.002006878    0.002006878    0.002006877
    1.923847695    0.002128092    0.002128092    0.002128091
    1.983967936    0.002263697    0.002263697    0.002263696
    2.044088176    0.002418088    0.002418088    0.002418087
    2.104208417    0.002597615    0.002597614    0.002597614
    2.164328657    0.002811743    0.002811742    0.002811742
    2.224448898    0.003075131    0.003075130    0.003075130
    2.284569138    0.003411513    0.003411512    0.003411512
    2.344689379    0.003861420    0.003861419    0.003861419
    2.404809619    0.004498635    0.004498634    0.004498634
    2.464929860    0.005467775    0.005467774    0.005467775
    2.525050100    0.007072320    0.007072318    0.007072320
    2.585170341    0.009926781    0.009926779    0.009926784
    2.645290581    0.014645652    0.014645648    0.014645657
    2.705410822    0.021119306    0.021119299    0.021119313
    2.765531062    0.030139045    0.030139035    0.030139049
    2.825651303    0.029558710    0.029558708    0.029558690
    2.885771543    0.019241897    0.019241898    0.019241879
    2.945891784    0.012482824    0.012482824    0.012482814
    3.006012024    0.009238768    0.009238768    0.009238762
    3.066132265    0.007745174    0.007745174    0.007745170
    3.126252505    0.007198834    0.007198834    0.007198831
    3.186372745    0.007360253    0.007360253    0.007360250
    3.246492986    0.008112568    0.008112570    0.008112566
    3.306613226    0.008606004    0.008606004    0.008606003
    3.366733467    0.008902977    0.008902976    0.008902977
    3.426853707    0.009817524    0.009817524    0.009817525
    3.486973948    0.010829074    0.010829074    0.010829075
    3.547094188    0.012559430    0.012559430    0.012559431
    3.607214429    0.013313021    0.013313020    0.013313022
    3.667334669    0.011701358    0.011701358    0.011701360
    3.727454910    0.010817263    0.010817263    0.010817265
    3.787575150    0.011199803    0.011199804    0.011199807
    3.847695391    0.012745539    0.012745540    0.012745544
    3.907815631    0.015606053    0.015606055    0.015606061
    3.967935872    0.018978307    0.018978308    0.018978319
    4.028056112    0.022574165    0.022574167    0.022574181
    4.088176353    0.029308271    0.029308276    0.029308296
    4.148296593    0.043448879    0.043448887    0.043448923
    4.208416834    0.070452426    0.070452440    0.070452502
    4.268537074    0.101989646    0.101989657    0.101989723
    4.328657315    0.101510153    0.101510143    0.101510161
    4.388777555    0.073118999    0.073118995    0.073118983
    4.448897796    0.057089164    0.057089174    0.057089153
    4.509018036    0.050019574    0.050019584    0.050019572
    4.569138277    0.050471749    0.050471757    0.050471759
    4.629258517    0.058045156    0.058045164    0.058045169
    4.689378758    0.057365472    0.057365484    0.057365472
    4.749498998    0.049183515    0.049183523    0.049183522
    4.809619238    0.049149566    0.049149570    0.049149586
    4.869739479    0.050696121    0.050696122    0.050696149
    4.929859719    0.053322788    0.053322792    0.053322820
    4.989979960    0.061064130    0.061064141    0.061064160
    5.050100200    0.073103436    0.073103450    0.073103473
    5.110220441    0.093005745    0.093005754    0.093005780
    5.170340681    0.085864813    0.085864812    0.085864806
    5.230460922    0.058829800    0.058829798    0.058829790
    5.290581162    0.044870534    0.044870535    0.044870533
    5.350701403    0.040283755    0.040283757    0.040283759
    5.410821643    0.036988552    0.036988554    0.036988559
    5.470941884    0.034759949    0.034759951    0.034759962
    5.531062124    0.035675721    0.035675723    0.035675739
    5.591182365    0.040828110    0.040828113    0.040828134
    5.651302605    0.043753335    0.043753339    0.043753362
    5.711422846    0.041907243    0.041907246    0.041907268
    5.771543086    0.037247246    0.037247249    0.037247268
    5.831663327    0.037188985    0.037188990    0.037189013
    5.891783567    0.043871428    0.043871434    0.043871469
    5.951903808    0.046381841    0.046381848    0.046381886
    6.012024048    0.043561253    0.043561263    0.043561291
    6.072144289    0.043690275    0.043690285    0.043690309
    6.132264529    0.039705861    0.039705867    0.039705890
    6.192384770    0.032083973    0.032083979    0.032084000
    6.252505010    0.029588127    0.029588133    0.029588156
    6.312625251    0.032453833    0.032453841    0.032453870
    6.372745491    0.033682899    0.033682910    0.033682943
    6.432865731    0.028326843    0.028326852    0.028326883
    6.492985972    0.024468007    0.024468015    0.024468044
    6.553106212    0.024126941    0.024126950    0.024126981
    6.613226453    0.027007458    0.027007469    0.027007507
    6.673346693    0.034353936    0.034353952    0.034354004
    6.733466934    0.049368859    0.049368884    0.049368964
    6.793587174    0.068398611    0.068398643    0.068398756
    6.853707415    0.067505430    0.067505456    0.067505566
    6.913827655    0.053330316    0.053330336    0.053330427
    6.973947896    0.046775522    0.046775542    0.046775629
    7.034068136    0.051799089    0.051799112    0.051799223
    7.094188377    0.070427890    0.070427925    0.070428089
    7.154308617    0.098306285    0.098306341    0.098306535
    7.214428858    0.102874727    0.102874784    0.102874926
    7.274549098    0.086582041    0.086582084    0.086582206
    7.334669339    0.075723148    0.075723177    0.075723319
    7.394789579    0.071628269    0.071628296    0.071628455
    7.454909820    0.083675454    0.083675493    0.083675687
    7.515030060    0.097528414    0.097528478    0.097528639
    7.575150301    0.085313206    0.085313271    0.085313373
    7.635270541    0.076149295    0.076149350    0.076149471
    7.695390782    0.080373838    0.080373893    0.080374056
    7.755511022    0.091193954    0.091194007    0.091194223
    7.815631263    0.093040563    0.093040617    0.093040842
    7.875751503    0.097689864    0.097689928    0.097690169
    7.935871743    0.103276726    0.103276795    0.103277061
    7.995991984    0.111123505    0.111123590    0.111123898
    8.056112224    0.147867405    0.147867527    0.147867960
    8.116232465    0.189927136    0.189927259    0.189927748
    8.176352705    0.174759532    0.174759611    0.174759972
    8.236472946    0.150866617    0.150866679    0.150866954
    8.296593186    0.119580986    0.119581033    0.119581248
    8.356713427    0.100599711    0.100599762    0.100599963
    8.416833667    0.100891302    0.100891359    0.100891582
    8.476953908    0.100639147    0.100639202    0.100639444
    8.537074148    0.097649811    0.097649869    0.097650110
    8.597194389    0.093261860    0.093261919    0.093262147
    8.657314629    0.085768326    0.085768381    0.085768611
    8.717434870    0.087055860    0.087055922    0.087056176
    8.777555110    0.092626925    0.092626997    0.092627278
    8.837675351    0.102780606    0.102780689    0.102781007
    8.897795591    0.099616070    0.099616151    0.099616463
    8.957915832    0.089386377    0.089386456    0.089386759
    9.018036072    0.096053156    0.096053254    0.096053613
    9.078156313    0.129350438    0.129350585    0.129351114
    9.138276553    0.190589665    0.190589883    0.190590649
    9.198396794    0.214146786    0.214146991    0.214147694
    9.258517034    0.185171974    0.185172128    0.185172676
    9.318637275    0.167352173    0.167352308    0.167352813
    9.378757515    0.166705227    0.166705355    0.166705871
    9.438877756    0.164339166    0.164339290    0.164339777
    9.498997996    0.141131954    0.141132056    0.141132451
    9.559118236    0.112745821    0.112745907    0.112746222
    9.619238477    0.093248365    0.093248445    0.093248725
    9.679358717    0.081323709    0.081323788    0.081324051
    9.739478958    0.078611599    0.078611680    0.078611965
    9.799599198    0.085868398    0.085868492    0.085868816
    9.859719439    0.080472167    0.080472256    0.080472560
    9.919839679    0.064738383    0.064738459    0.064738720
    9.979959920    0.056713283    0.056713355    0.056713608
   10.040080160    0.055888698    0.055888774    0.055889048
   10.100200401    0.060532590    0.060532680    0.060533003
   10.160320641    0.072098858    0.072098973    0.072099391
   10.220440882    0.095178544    0.095178706    0.095179298
   10.280561122    0.127840946    0.127841171    0.127841990
   10.340681363    0.140249217    0.140249464    0.140250367
   10.400801603    0.148388106    0.148388381    0.148389400
   10.460921844    0.187345674    0.187346045    0.187347434
   10.521042084    0.260730165    0.260730688    0.260732634
   10.581162325    0.300165440    0.300166005    0.300168007
   10.641282565    0.307480131    0.307480697    0.307482715
   10.701402806    0.371958747    0.371959395    0.371961702
   10.761523046    0.380516441    0.380516967    0.380518696
   10.821643287    0.293744897    0.293745235    0.293746359
   10.881763527    0.216495402    0.216495649    0.216496538
   10.941883768    0.170063097    0.170063323    0.170064133
   11.002004008    0.164933258    0.164933514    0.164934421
   11.062124248    0.189804842    0.189805147    0.189806275
   11.122244489    0.192865658    0.192865938    0.192867093
   11.182364729    0.167833919    0.167834175    0.167835212
   11.242484970    0.162163886    0.162164165    0.162165257
   11.302605210    0.187862805    0.187863159    0.187864524
   11.362725451    0.240817538    0.240818005    0.240819756
   11.422845691    0.252919516    0.252919983    0.252921575
   11.482965932    0.201510312    0.201510677    0.201511916
   11.543086172    0.177536194    0.177536531    0.177537739
   11.603206413    0.191111887    0.191112268    0.191113659
   11.663326653    0.192872157    0.192872560    0.192873935
   11.723446894    0.168505632    0.168505995    0.168507232
   11.783567134    0.158705106    0.158705458    0.158706728
   11.843687375    0.169242574    0.169242968    0.169244400
   11.903807615    0.175696145    0.175696578    0.175698097
   11.963927856    0.183187915    0.183188386    0.183190054
   12.024048096    0.196712864    0.196713384    0.196715254
   12.084168337    0.213164302    0.213164887    0.213167033
   12.144288577    0.260643806    0.260644544    0.260647225
   12.204408818    0.286313630    0.286314421    0.286317231
   12.264529058    0.277666775    0.277667530    0.277670197
   12.324649299    0.268030721    0.268031452    0.268034072
   12.384769539    0.265126990    0.265127715    0.265130323
   12.444889780    0.242106831    0.242107515    0.242109964
   12.505010020    0.251118214    0.251118966    0.251121671
   12.565130261    0.274108002    0.274108808    0.274111855
   12.625250501    0.277074698    0.277075521    0.277078583
   12.685370741    0.256315511    0.256316275    0.256319129
   12.745490982    0.221016437    0.221017144    0.221019719
   12.805611222    0.219294576    0.219295354    0.219298134
   12.865731463    0.268259385    0.268260411    0.268264056
   12.925851703    0.328070715    0.328071931    0.328076433
   12.985971944    0.325958521    0.325959703    0.325964157
   13.046092184    0.331934865    0.331936143    0.331940853
   13.106212425    0.379607024    0.379608524    0.379613938
   13.166332665    0.380393871    0.380395350    0.380400635
   13.226452906    0.371503222    0.371504674    0.371510039
   13.286573146    0.381604899    0.381606425    0.381612100
   13.346693387    0.387815546    0.387817156    0.387822965
   13.406813627    0.395999483    0.396001161    0.396007240
   13.466933868    0.396721205    0.396722912    0.396729150
   13.527054108    0.408124585    0.408126407    0.408133070
   13.587174349    0.443780007    0.443782028    0.443789433
   13.647294589    0.450075048    0.450077034    0.450084381
   13.707414830    0.397381385    0.397383175    0.397389712
   13.767535070    0.353919994    0.353921709    0.353927948
   13.827655311    0.347307144    0.347308985    0.347315706
   13.887775551    0.392571465    0.392573746    0.392582031
   13.947895792    0.481730277    0.481733240    0.481743986
   14.008016032    0.575640903    0.575644473    0.575657512
   14.068136273    0.593147223    0.593150896    0.593164453
   14.128256513    0.629960098    0.629964289    0.629979744
   14.188376754    0.768316463    0.768321892    0.768341866
   14.248496994    0.963140312    0.963147172    0.963172153
   14.308617234    1.109353334    1.109360722    1.109387354
   14.368737475    1.142759959    1.142766919    1.142792138
   14.428857715    1.187022894    1.187029959    1.187055554
   14.488977956    1.279048745    1.279055527    1.279080048
   14.549098196    1.212750796    1.212756283    1.212776379
   14.609218437    1.091902086    1.091906650    1.091923604
   14.669338677    1.018625952    1.018630381    1.018646635
   14.729458918    0.999206372    0.999210687    0.999226248
   14.789579158    0.915657194    0.915661053    0.915675076
   14.849699399    0.860675953    0.860679765    0.860693650
   14.909819639    0.836333622    0.836337453    0.836351251
   14.969939880    0.806023094    0.806026794    0.806040141
   15.030060120    0.727729883    0.727733186    0.727745262
   15.090180361    0.608113469    0.608116444    0.608127410
   15.150300601    0.567168282    0.567171450    0.567183114
   15.210420842    0.584461116    0.584464722    0.584477866
   15.270541082    0.616957773    0.616961871    0.616976583
   15.330661323    0.642885201    0.642889614    0.642905616
   15.390781563    0.640730381    0.640734991    0.640751878
   15.450901804    0.677260683    0.677265816    0.677284796
   15.511022044    0.728696514    0.728702265    0.728723647
   15.571142285    0.792183473    0.792189871    0.792213427
   15.631262525    0.793297525    0.793304016    0.793327237
   15.691382766    0.749859254    0.749865606    0.749888416
   15.751503006    0.722650162    0.722656563    0.722679689
   15.811623246    0.692933432    0.692940042    0.692964038
   15.871743487    0.739892520    0.739900220    0.739928285
   15.931863727    0.866482928    0.866492501    0.866527582
   15.991983968    1.004397108    1.004408543    1.004450596
   16.052104208    1.175866015    1.175879478    1.175928253
   16.112224449    1.220517724    1.220530985    1.220578363
   16.172344689    1.081033563    1.081044821    1.081085324
   16.232464930    0.873398649    0.873408410    0.873443656
   16.292585170    0.812930955    0.812941260    0.812978595
   16.352705411    0.892747638    0.892760182    0.892805618
   16.412825651    0.974305104    0.974319750    0.974372733
   16.472945892    1.034164310    1.034181338    1.034243075
   16.533066132    1.278082143    1.278105377    1.278189772
   16.593186373    1.665944719    1.665975848    1.666088739
   16.653306613    1.799941627    1.799975101    1.800096561
   16.713426854    2.009871084    2.009911166    2.010056601
   16.773547094    2.517127571    2.517177442    2.517358959
   16.833667335    2.680950423    2.680998561    2.681174314
   16.893787575    2.525030548    2.525074717    2.525235774
   16.953907816    2.520433168    2.520481547    2.520657453
   17.014028056    2.905947509    2.906005002    2.906213196
   17.074148297    2.965439025    2.965495185    2.965698856
   17.134268537    3.066379514    3.066440577    3.066662960
   17.194388778    3.305530249    3.305593488    3.305825371
   17.254509018    3.131504817    3.131564979    3.131785138
   17.314629259    3.112772427    3.112837847    3.113074621
   17.374749499    3.197327201    3.197402557    3.197675685
   17.434869739    3.688682303    3.688779792    3.689133535
   17.494989980    4.483682318    4.483802594    4.484238526
   17.555110220    4.756088591    4.756201391    4.756610579
   17.615230461    4.380525485    4.380636782    4.381040946
   17.675350701    4.783586186    4.783735135    4.784276210
   17.735470942    6.157031749    6.157252321    6.158053882
   17.795591182    8.506122358    8.506393343    8.507378108
   17.855711423    8.755636969    8.755778694    8.756292549
   17.915831663    7.203964556    7.204070626    7.204455297
   17.975951904    7.338199706    7.338362002    7.338951470
   18.036072144    9.088622603    9.088838528    9.089622190
   18.096192385   10.449914292   10.450074425   10.450655505
   18.156312625   10.807607316   10.807663426   10.807868952
   18.216432866   10.614697768   10.614642743   10.614448276
   18.276553106    9.177759864    9.177648579    9.177247525
   18.336673347    8.295786674    8.295716055    8.295460020
   18.396793587    9.022175611    9.022104690    9.021845656
   18.456913828    9.007286523    9.007129130    9.006557081
   18.517034068    7.586386658    7.586226848    7.585647131
   18.577154309    6.660554941    6.660450885    6.660072972
   18.637274549    7.183570895    7.183499625    7.183240266
   18.697394790    7.906632991    7.906543341    7.906217817
   18.757515030    8.622639251    8.622536657    8.622162353
   18.817635271   10.045302460   10.045080268   10.044270449
   18.877755511    8.878443960    8.878082798    8.876770727
   18.937875752    6.468709394    6.468443111    6.467476547
   18.997995992    5.760316019    5.760123488    5.759425392
   19.058116232    6.283087971    6.282887586    6.282161837
   19.118236473    6.128186459    6.127957431    6.127126326
   19.178356713    5.142044380    5.141844812    5.141119331
   19.238476954    4.551477537    4.551322976    4.550760134
   19.298597194    4.847246757    4.847099928    4.846564304
   19.358717435    5.220794903    5.220637247    5.220062539
   19.418837675    5.808009222    5.807823328    5.807146853
   19.478957916    6.167096803    6.166850316    6.165952775
   19.539078156    5.395515138    5.395256113    5.394314707
   19.599198397    4.487496687    4.487271979    4.486455820
   19.659318637    3.667122974    3.666935496    3.666254262
   19.719438878    2.783094162    2.782958139    2.782463566
   19.779559118    2.379531105    2.379426174    2.379044210
   19.839679359    2.512733467    2.512630197    2.512254212
   19.899799599    2.705309669    2.705194453    2.704775940
   19.959919840    2.299381126    2.299277538    2.298901416
   20.020040080    1.758314169    1.758237665    1.757959715
   20.080160321    1.508720811    1.508659186    1.508435309
   20.140280561    1.384952074    1.384898105    1.384701899
   20.200400802    1.288375686    1.288328303    1.288155750
   20.260521042    1.349939097    1.349891943    1.349720155
   20.320641283    1.457839962    1.457789928    1.457608061
   20.380761523    1.532550354    1.532498502    1.532310371
   20.440881764    1.703367759    1.703309243    1.703097069
   20.501002004    1.677705227    1.677644313    1.677423148
   20.561122244    1.454024106    1.453970924    1.453777480
   20.621242485    1.336799470    1.336751998    1.336579314
   20.681362725    1.404104497    1.404055517    1.403877580
   20.741482966    1.480245966    1.480192567    1.479998531
   20.801603206    1.322008375    1.321959207    1.321780217
   20.861723447    1.160072476    1.160029921    1.159874969
   20.921843687    1.129933815    1.129892813    1.129743734
   20.981963928    1.082655290    1.082615478    1.082471353
   21.042084168    0.988115511    0.988079307    0.987948358
   21.102204409    0.921599548    0.921565917    0.921444172
   21.162324649    0.835653253    0.835623052    0.835513499
   21.222444890    0.771859507    0.771832075    0.771732328
   21.282565130    0.735643798    0.735618077    0.735524508
   21.342685371    0.747083128    0.747057402    0.746963958
   21.402805611    0.856509844    0.856480021    0.856371814
   21.462925852    0.877704833    0.877672862    0.877556630
   21.523046092    0.772787663    0.772758922    0.772654409
   21.583166333    0.660689917    0.660665110    0.660575045
   21.643286573    0.501746197    0.501727708    0.501660643
   21.703406814    0.372105059    0.372092036    0.372044818
   21.763527054    0.305571095    0.305560949    0.305524152
   21.823647295    0.282421451    0.282412373    0.282379417
   21.883767535    0.272941761    0.272933149    0.272901863
   21.943887776    0.264020740    0.264012559    0.263982818
   22.004008016    0.269079859    0.269071593    0.269041516
   22.064128257    0.304299174    0.304289731    0.304255330
   22.124248497    0.370306510    0.370294647    0.370251434
   22.184368737    0.404538127    0.404524784    0.404476276
   22.244488978    0.407275695    0.407261991    0.407212263
   22.304609218    0.372536262    0.372523772    0.372478475
   22.364729459    0.361017956    0.361005978    0.360962429
   22.424849699    0.400405657    0.400392242    0.400343345
   22.484969940    0.455636975    0.455621185    0.455563625
   22.545090180    0.460045702    0.460029425    0.459970143
   22.605210421    0.487544248    0.487526671    0.487462919
   22.665330661    0.579068073    0.579046224    0.578967111
   22.725450902    0.627584651    0.627558944    0.627465894
   22.785571142    0.467796367    0.467776866    0.467706334
   22.845691383    0.318379836    0.318367521    0.318322994
   22.905811623    0.248708421    0.248699554    0.248667503
   22.965931864    0.217615814    0.217608494    0.217582025
   23.026052104    0.214081285    0.214074165    0.214048461
   23.086172345    0.249772554    0.249763714    0.249731867
   23.146292585    0.311597875    0.311585889    0.311542716
   23.206412826    0.358769444    0.358754765    0.358701770
   23.266533066    0.385782411    0.385765788    0.385705633
   23.326653307    0.368639422    0.368623088    0.368563960
   23.386773547    0.289591256    0.289579183    0.289535507
   23.446893788    0.230467508    0.230458961    0.230427992
   23.507014028    0.202281304    0.202274518    0.202249888
   23.567134269    0.202566203    0.202559446    0.202534915
   23.627254509    0.232390959    0.232382324    0.232350984
   23.687374749    0.291534704    0.291522096    0.291476199
   23.747494990    0.348061224    0.348044352    0.347982656
   23.807615230    0.364776615    0.364757828    0.364688934
   23.867735471    0.303296663    0.303282559    0.303230840
   23.927855711    0.262864316    0.262853921    0.262815753
   23.987975952    0.242320696    0.242312805    0.242283629
   24.048096192    0.215695718    0.215691554    0.215675924
   24.108216433    0.194976573    0.194976436    0.194975505
   24.168336673    0.170788045    0.170793496    0.170812952
   24.228456914    0.169743971    0.169753616    0.169788278
   24.288577154    0.184994517    0.185008492    0.185058852
   24.348697395    0.201485901    0.201508114    0.201588268
   24.408817635    0.205446973    0.205488406    0.205638454
   24.468937876    0.183076987    0.183162484    0.183473032
   24.529058116    0.156195952    0.156367436    0.156990370
   24.589178357    0.148277554    0.148615495    0.149842078
   24.649298597    0.149344803    0.149920281    0.152009099
   24.709418838    0.144872843    0.145429737    0.147453782
   24.769539078    0.134853830    0.135195273    0.136437165
   24.829659319    0.123919796    0.124119796    0.124847376
   24.889779559    0.106323214    0.106447301    0.106898734
   24.949899800    0.085453156    0.085534118    0.085828638
   25.010020040    0.072760886    0.072816830    0.073020309
   25.070140281    0.068924686    0.068965925    0.069115934
   25.130260521    0.065370218    0.065401743    0.065516471
   25.190380762    0.067009431    0.067034583    0.067126161
   25.250501002    0.075434635    0.075455829    0.075533014
   25.310621242    0.079239923    0.079257995    0.079323819
   25.370741483    0.078984670    0.079000045    0.079056083
   25.430861723    0.080001454    0.080014731    0.080063241
   25.490981964    0.088464185    0.088476140    0.088520034
   25.551102204    0.093505395    0.093516274    0.093556398
   25.611222445    0.076717518    0.076726569    0.076759917
   25.671342685    0.064757954    0.064765530    0.064793397
   25.731462926    0.066387178    0.066393962    0.066418946
   25.791583166    0.078567184    0.078573653    0.078597613
   25.851703407    0.093043577    0.093049872    0.093073448
   25.911823647    0.096901013    0.096906935    0.096929184
   25.971943888    0.091179097    0.091184465    0.091204404
   26.032064128    0.092515795    0.092520839    0.092539329
   26.092184369    0.089441786    0.089446469    0.089463489
   26.152304609    0.068720961    0.068724878    0.068739090
   26.212424850    0.054939446    0.054942781    0.054954882
   26.272545090    0.050286431    0.050289431    0.050300311
   26.332665331    0.046004659    0.046007377    0.046017212
   26.392785571    0.043680938    0.043683432    0.043692431
   26.452905812    0.046083695    0.046086059    0.046094569
   26.513026052    0.054194581    0.054196916    0.054205289
   26.573146293    0.063694388    0.063696712    0.063705061
   26.633266533    0.067661208    0.067663448    0.067671566
   26.693386774    0.057548125    0.057550130    0.057557428
   26.753507014    0.048896816    0.048898613    0.048905151
   26.813627255    0.049378745    0.049380436    0.049386588
   26.873747495    0.059610694    0.059612368    0.059618464
   26.933867735    0.077472527    0.077474253    0.077480543
   26.993987976    0.076628661    0.076630321    0.076636367
   27.054108216    0.063751677    0.063753175    0.063758657
   27.114228457    0.061551183    0.061552581    0.061557743
   27.174348697    0.070093244    0.070094602    0.070099678
   27.234468938    0.072986377    0.072987704    0.072992633
   27.294589178    0.061769554    0.061770812    0.061775412
   27.354709419    0.052170269    0.052171456    0.052175784
   27.414829659    0.046326426    0.046327559    0.046331691
   27.474949900    0.044449676    0.044450764    0.044454739
   27.535070140    0.050977941    0.050978992    0.050982832
   27.595190381    0.063388837    0.063389849    0.063393550
   27.655310621    0.075191725    0.075192700    0.075196273
   27.715430862    0.071817159    0.071818133    0.071821706
   27.775551102    0.052372268    0.052373290    0.052377018
   27.835671343    0.038668259    0.038669324    0.038673191
   27.895791583    0.031422747    0.031423847    0.031427832
   27.955911824    0.027406117    0.027407250    0.027411348
   28.016032064    0.026809329    0.026810486    0.026814663
   28.076152305    0.030072547    0.030073710    0.030077897
   28.136272545    0.037527286    0.037528429    0.037532529
   28.196392786    0.041435345    0.041436514    0.041440672
   28.256513026    0.037636430    0.037637713    0.037642206
   28.316633267    0.038821815    0.038823177    0.038827830
   28.376753507    0.047933711    0.047935086    0.047939598
   28.436873747    0.052681289    0.052682710    0.052687398
   28.496993988    0.047354279    0.047355865    0.047361359
   28.557114228    0.042501394    0.042503190    0.042509593
   28.617234469    0.037498925    0.037501003    0.037508504
   28.677354709    0.032889921    0.032892356    0.032901174
   28.737474950    0.027408736    0.027411641    0.027422136
   28.797595190    0.024981028    0.024984440    0.024996717
   28.857715431    0.023746342    0.023750363    0.023764812
   28.917835671    0.022782469    0.022787241    0.022804475
   28.977955912    0.024544325    0.024550008    0.024570583
   29.038076152    0.026100489    0.026107481    0.026132815
   29.098196393    0.022966597    0.022975669    0.023008549
   29.158316633    0.020958879    0.020970876    0.021014364
   29.218436874    0.020999455    0.021015805    0.021075080
   29.278557114    0.022556887    0.022580277    0.022665078
   29.338677355    0.023467298    0.023503322    0.023633919
   29.398797595    0.023247915    0.023308446    0.023527873
   29.458917836    0.022712883    0.022822658    0.023220675
   29.519038076    0.024642011    0.024826680    0.025496689
   29.579158317    0.030410411    0.030600293    0.031289763
   29.639278557    0.032536747    0.032655210    0.033085489
   29.699398798    0.024798140    0.024864891    0.025107332
   29.759519038    0.018425585    0.018465474    0.018610336
   29.819639279    0.015912269    0.015938228    0.016032480
   29.879759519    0.016189385    0.016207610    0.016273766
   29.939879760    0.017313433    0.017327016    0.017376304
   30.000000000    0.015154738    0.015165110    0.015202740
