# energy grid [eV]     epsi_x  epsi_y  epsi_z
#
    0.050000000    0.001678772    0.001669937    0.001673579
    0.054954955    0.001846521    0.001836802    0.001840808
    0.059909910    0.002014664    0.002004059    0.002008430
    0.064864865    0.002183238    0.002171744    0.002176481
    0.069819820    0.002352279    0.002339893    0.002344998
    0.074774775    0.002521824    0.002508544    0.002514018
    0.079729730    0.002691910    0.002677733    0.002683577
    0.084684685    0.002862576    0.002847498    0.002853713
    0.089639640    0.003033859    0.003017877    0.003024464
    0.094594595    0.003205797    0.003188907    0.003195869
    0.099549550    0.003378429    0.003360626    0.003367965
    0.104504505    0.003551794    0.003533075    0.003540791
    0.109459459    0.003725932    0.003706291    0.003714387
    0.114414414    0.003900882    0.003880315    0.003888793
    0.119369369    0.004076685    0.004055187    0.004064049
    0.124324324    0.004253381    0.004230948    0.004240195
    0.129279279    0.004431013    0.004407638    0.004417273
    0.134234234    0.004609622    0.004585300    0.004595325
    0.139189189    0.004789251    0.004763975    0.004774394
    0.144144144    0.004969943    0.004943707    0.004954522
    0.149099099    0.005151741    0.005124540    0.005135752
    0.154054054    0.005334691    0.005306517    0.005318130
    0.159009009    0.005518838    0.005489683    0.005501700
    0.163963964    0.005704226    0.005674085    0.005686509
    0.168918919    0.005890904    0.005859768    0.005872602
    0.173873874    0.006078918    0.006046780    0.006060027
    0.178828829    0.006268318    0.006235168    0.006248832
    0.183783784    0.006459151    0.006424982    0.006439066
    0.188738739    0.006651469    0.006616272    0.006630780
    0.193693694    0.006845321    0.006809088    0.006824023
    0.198648649    0.007040761    0.007003481    0.007018848
    0.203603604    0.007237841    0.007199505    0.007215307
    0.208558559    0.007436616    0.007397214    0.007413455
    0.213513514    0.007637139    0.007596661    0.007613346
    0.218468468    0.007839469    0.007797904    0.007815037
    0.223423423    0.008043662    0.008000999    0.008018584
    0.228378378    0.008249776    0.008206004    0.008224047
    0.233333333    0.008457873    0.008412980    0.008431485
    0.238288288    0.008668013    0.008621987    0.008640959
    0.243243243    0.008880260    0.008833088    0.008852532
    0.248198198    0.009094676    0.009046346    0.009066267
    0.253153153    0.009311328    0.009261827    0.009282231
    0.258108108    0.009530284    0.009479597    0.009500490
    0.263063063    0.009751611    0.009699725    0.009721112
    0.268018018    0.009975381    0.009922281    0.009944169
    0.272972973    0.010201666    0.010147338    0.010169731
    0.277927928    0.010430539    0.010374967    0.010397874
    0.282882883    0.010662078    0.010605245    0.010628671
    0.287837838    0.010896358    0.010838250    0.010862202
    0.292792793    0.011133462    0.011074060    0.011098545
    0.297747748    0.011373469    0.011312758    0.011337783
    0.302702703    0.011616465    0.011554426    0.011579998
    0.307657658    0.011862537    0.011799151    0.011825278
    0.312612613    0.012111772    0.012047022    0.012073711
    0.317567568    0.012364262    0.012298128    0.012325388
    0.322522523    0.012620102    0.012552563    0.012580402
    0.327477477    0.012879386    0.012810422    0.012838849
    0.332432432    0.013142215    0.013071805    0.013100828
    0.337387387    0.013408691    0.013336813    0.013366441
    0.342342342    0.013678919    0.013605551    0.013635792
    0.347297297    0.013953006    0.013878124    0.013908990
    0.352252252    0.014231064    0.014154646    0.014186145
    0.357207207    0.014513208    0.014435228    0.014467371
    0.362162162    0.014799555    0.014719989    0.014752786
    0.367117117    0.015090229    0.015009050    0.015042511
    0.372072072    0.015385353    0.015302535    0.015336672
    0.377027027    0.015685058    0.015600573    0.015635397
    0.381981982    0.015989478    0.015903297    0.015938820
    0.386936937    0.016298749    0.016210844    0.016247078
    0.391891892    0.016613014    0.016523355    0.016560312
    0.396846847    0.016932420    0.016840976    0.016878669
    0.401801802    0.017257119    0.017163858    0.017202300
    0.406756757    0.017587267    0.017492157    0.017531360
    0.411711712    0.017923026    0.017826032    0.017866012
    0.416666667    0.018264564    0.018165652    0.018206423
    0.421621622    0.018612054    0.018511187    0.018552763
    0.426576577    0.018965674    0.018862815    0.018905213
    0.431531532    0.019325610    0.019220721    0.019263955
    0.436486486    0.019692053    0.019585095    0.019629182
    0.441441441    0.020065202    0.019956135    0.020001091
    0.446396396    0.020445262    0.020334043    0.020379887
    0.451351351    0.020832446    0.020719033    0.020765781
    0.456306306    0.021226975    0.021111322    0.021158993
    0.461261261    0.021629077    0.021511139    0.021559752
    0.466216216    0.022038990    0.021918719    0.021968294
    0.471171171    0.022456959    0.022334306    0.022384863
    0.476126126    0.022883239    0.022758154    0.022809713
    0.481081081    0.023318095    0.023190526    0.023243109
    0.486036036    0.023761802    0.023631694    0.023685324
    0.490990991    0.024214646    0.024081944    0.024136642
    0.495945946    0.024676923    0.024541569    0.024597361
    0.500900901    0.025148941    0.025010876    0.025067785
    0.505855856    0.025631022    0.025490183    0.025548236
    0.510810811    0.026123498    0.025979822    0.026039044
    0.515765766    0.026626716    0.026480138    0.026540556
    0.520720721    0.027141037    0.026991488    0.027053131
    0.525675676    0.027666838    0.027514248    0.027577144
    0.530630631    0.028204508    0.028048804    0.028112984
    0.535585586    0.028754457    0.028595564    0.028661058
    0.540540541    0.029317110    0.029154948    0.029221790
    0.545495495    0.029892909    0.029727399    0.029795621
    0.550450450    0.030482317    0.030313374    0.030383011
    0.555405405    0.031085817    0.030913354    0.030984442
    0.560360360    0.031703912    0.031527839    0.031600415
    0.565315315    0.032337128    0.032157352    0.032231455
    0.570270270    0.032986016    0.032802440    0.032878108
    0.575225225    0.033651149    0.033463672    0.033540948
    0.580180180    0.034333128    0.034141645    0.034220573
    0.585135135    0.035032583    0.034836986    0.034917609
    0.590090090    0.035750170    0.035550346    0.035632712
    0.595045045    0.036486578    0.036282411    0.036366567
    0.600000000    0.037242530    0.037033897    0.037119894
    0.604954955    0.038018781    0.037805556    0.037893446
    0.609909910    0.038816124    0.038598176    0.038688013
    0.614864865    0.039635392    0.039412583    0.039504423
    0.619819820    0.040477456    0.040249644    0.040343547
    0.624774775    0.041343235    0.041110272    0.041206297
    0.629729730    0.042233691    0.041995421    0.042093634
    0.634684685    0.043149836    0.042906100    0.043006566
    0.639639640    0.044092736    0.043843365    0.043946154
    0.644594595    0.045063511    0.044808330    0.044913514
    0.649549550    0.046063341    0.045802167    0.045909821
    0.654504505    0.047093469    0.046826110    0.046936314
    0.659459459    0.048155204    0.047881462    0.047994297
    0.664414414    0.049249928    0.048969595    0.049085147
    0.669369369    0.050379099    0.050091957    0.050210316
    0.674324324    0.051544257    0.051250078    0.051371337
    0.679279279    0.052747027    0.052445573    0.052569831
    0.684234234    0.053989130    0.053680152    0.053807511
    0.689189189    0.055272384    0.054955620    0.055086189
    0.694144144    0.056598716    0.056273892    0.056407783
    0.699099099    0.057970164    0.057636993    0.057774325
    0.704054054    0.059388891    0.059047073    0.059187969
    0.709009009    0.060857191    0.060506408    0.060651000
    0.713963964    0.062377497    0.062017419    0.062165842
    0.718918919    0.063952397    0.063582673    0.063735073
    0.723873874    0.065584640    0.065204903    0.065361430
    0.728828829    0.067277150    0.066887014    0.067047827
    0.733783784    0.069033040    0.068632099    0.068797367
    0.738738739    0.070855630    0.070443454    0.070613353
    0.743693694    0.072748456    0.072324593    0.072499310
    0.748648649    0.074715295    0.074279269    0.074458999
    0.753603604    0.076760180    0.076311486    0.076496438
    0.758558559    0.078887422    0.078425529    0.078615922
    0.763513514    0.081101634    0.080625979    0.080822045
    0.768468468    0.083407758    0.082917745    0.083119730
    0.773423423    0.085811087    0.085306086    0.085514250
    0.778378378    0.088317305    0.087796647    0.088011264
    0.783333333    0.090932512    0.090395488    0.090616852
    0.788288288    0.093663267    0.093109124    0.093337545
    0.793243243    0.096516627    0.095944566    0.096180373
    0.798198198    0.099500192    0.098909362    0.099152907
    0.803153153    0.102622159    0.102011653    0.102263309
    0.808108108    0.105891370    0.105260224    0.105520389
    0.813063063    0.109317382    0.108664567    0.108933664
    0.818018018    0.112910529    0.112234946    0.112513429
    0.822972973    0.116681999    0.115982475    0.116270828
    0.827927928    0.120643922    0.119919201    0.120217941
    0.832882883    0.124809457    0.124058193    0.124367876
    0.837837838    0.129192897    0.128413651    0.128734869
    0.842792793    0.133809789    0.133001014    0.133334405
    0.847747748    0.138677054    0.137837089    0.138183339
    0.852702703    0.143813137    0.142940196    0.143300041
    0.857657658    0.149238161    0.148330321    0.148704553
    0.862612613    0.154974105    0.154029294    0.154418768
    0.867567568    0.161044999    0.160060981    0.160466619
    0.872522523    0.167477144    0.166451504    0.166874302
    0.877477477    0.174299354    0.173229479    0.173670514
    0.882432432    0.181543222    0.180426285    0.180886722
    0.887387387    0.189243419    0.188076354    0.188557458
    0.892342342    0.197438020    0.196217500    0.196720643
    0.897297297    0.206168864    0.204891276    0.205417948
    0.902252252    0.215481942    0.214143357    0.214695178
    0.907207207    0.225427827    0.224023968    0.224602700
    0.912162162    0.236062120    0.234588328    0.235195894
    0.917117117    0.247445940    0.245897133    0.246535628
    0.922072072    0.259646412    0.258017049    0.258688758
    0.927027027    0.272737177    0.271021207    0.271728625
    0.931981982    0.286798869    0.284989687    0.285735538
    0.936936937    0.301919559    0.300009949    0.300797209
    0.941891892    0.318195087    0.316177176    0.317009091
    0.946846847    0.335729248    0.333594445    0.334474558
    0.951801802    0.354633716    0.352372664    0.353304833
    0.956756757    0.375027596    0.372630119    0.373618540
    0.961711712    0.397036423    0.394491483    0.395540708
    0.966666667    0.420790387    0.418086057    0.419201003
    0.971621622    0.446421490    0.443544951    0.444730904
    0.976576577    0.474059274    0.470996834    0.472259440
    0.981531532    0.503824659    0.500561827    0.501907060
    0.986486486    0.535821389    0.532343009    0.533777117
    0.991441441    0.570124533    0.566415004    0.567944417
    0.996396396    0.606765556    0.602809162    0.604440357
    1.001351351    0.645713644    0.641495022    0.643234329
    1.006306306    0.686853420    0.682358192    0.684211534
    1.011261261    0.729959919    0.725175508    0.727148061
    1.016216216    0.774672864    0.769589505    0.771685285
    1.021171171    0.820473898    0.815085810    0.817307187
    1.026126126    0.866672214    0.860978885    0.863326052
    1.031081081    0.912405707    0.906413169    0.908883619
    1.036036036    0.956665335    0.950387263    0.952975336
    1.040990991    0.998348946    0.991807366    0.994503956
    1.045945946    1.036346349    1.029571718    1.032364245
    1.050900901    1.069649934    1.062680413    1.065553121
    1.055855856    1.097476142    1.090355973    1.093290605
    1.060810811    1.119375711    1.112152781    1.115129581
    1.065765766    1.135308671    1.128031514    1.131030467
    1.070720721    1.145665809    1.138380436    1.141382572
    1.075675676    1.151230677    1.143977665    1.146966260
    1.080630631    1.153090812    1.145903023    1.148864536
    1.085585586    1.152517974    1.145419109    1.148343780
    1.090540541    1.150841135    1.143845180    1.146727252
    1.095495495    1.149332522    1.142443979    1.145281603
    1.100450450    1.149119057    1.142333754    1.145128655
    1.105405405    1.151122862    1.144429124    1.147186117
    1.110360360    1.156027999    1.149407990    1.152134429
    1.115315315    1.164267483    1.157698562    1.160403778
    1.120270270    1.176024317    1.169480338    1.172175108
    1.125225225    1.191241961    1.184694483    1.187390531
    1.130180180    1.209641742    1.203061161    1.205770693
    1.135135135    1.230746349    1.224103002    1.226838254
    1.140090090    1.253908899    1.247174186    1.249946962
    1.145045045    1.278345994    1.271493576    1.274314760
    1.150000000    1.303171390    1.296178508    1.299057520
    1.154954955    1.327425519    1.320274448    1.323218646
    1.159909910    1.350096906    1.342776514    1.345790557
    1.164864865    1.370135241    1.362642570    1.365727762
    1.169819820    1.386461802    1.378803502    1.381957201
    1.174774775    1.397988392    1.390181801    1.393396968
    1.179729730    1.403657442    1.395731037    1.398996042
    1.184684685    1.402510908    1.394503885    1.397802671
    1.189639640    1.393784662    1.385745491    1.389058156
    1.194594595    1.377011976    1.368995937    1.372299743
    1.199549550    1.352110512    1.344176423    1.347447139
    1.204504505    1.319426902    1.311633440    1.314846852
    1.209459459    1.279722817    1.272124932    1.275258327
    1.214414414    1.234102709    1.226748602    1.229782026
    1.219369369    1.183899196    1.176828209    1.179745339
    1.224324324    1.130541299    1.123782842    1.126571447
    1.229279279    1.075430878    1.069004355    1.071656331
    1.234234234    1.019845589    1.013761098    1.016272189
    1.239189189    0.964876621    0.959136175    0.961505470
    1.244144144    0.911400466    0.905999482    0.908228808
    1.249099099    0.860078243    0.855007058    0.857100350
    1.254054054    0.811373760    0.806619062    0.808581774
    1.259009009    0.765581967    0.761128025    0.762966620
    1.263963964    0.722861113    0.718690797    0.720412324
    1.268918919    0.683264145    0.679359712    0.680971479
    1.273873874    0.646766715    0.643110409    0.644619737
    1.278828829    0.613290681    0.609865154    0.611279198
    1.283783784    0.582722866    0.579511464    0.580837096
    1.288738739    0.554929403    0.551916352    0.553160083
    1.293693694    0.529766250    0.526936753    0.528104690
    1.298648649    0.507086479    0.504426758    0.505524592
    1.303603604    0.486744935    0.484242237    0.485275234
    1.308558559    0.468600746    0.466243314    0.467216329
    1.313513514    0.452518054    0.450295082    0.451212579
    1.318468468    0.438365245    0.436266828    0.437132898
    1.323423423    0.426012875    0.424029944    0.424848333
    1.328378378    0.415330445    0.413454708    0.414228841
    1.333333333    0.406182200    0.404406082    0.405139088
    1.338288288    0.398422214    0.396738794    0.397433532
    1.343243243    0.391889171    0.390292132    0.390951211
    1.348198198    0.386401537    0.384885108    0.385510912
    1.353153153    0.381754086    0.380312997    0.380907703
    1.358108108    0.377717065    0.376346505    0.376912098
    1.363063063    0.374039384    0.372734958    0.373273254
    1.368018018    0.370457009    0.369214701    0.369727358
    1.372972973    0.366706985    0.365523129    0.366011659
    1.377927928    0.362546248    0.361417492    0.361883279
    1.382882883    0.357772757    0.356696044    0.357140349
    1.387837838    0.352245154    0.351217690    0.351641665
    1.392792793    0.345896645    0.344915882    0.345320579
    1.397747748    0.338739731    0.337803344    0.338189721
    1.402702703    0.330860501    0.329966370    0.330335301
    1.407657658    0.322403843    0.321550032    0.321902315
    1.412612613    0.313552987    0.312737729    0.313074094
    1.417567568    0.304507668    0.303729345    0.304050459
    1.422522523    0.295464671    0.294721794    0.295028272
    1.427477477    0.286603155    0.285894345    0.286186757
    1.432432432    0.278075568    0.277399531    0.277678412
    1.437387387    0.270003677    0.269359180    0.269625040
    1.442342342    0.262478578    0.261864418    0.262117757
    1.447297297    0.255563324    0.254978300    0.255219616
    1.452252252    0.249296985    0.248739867    0.248969671
    1.457207207    0.243699283    0.243168780    0.243387609
    1.462162162    0.238775233    0.238269972    0.238478396
    1.467117117    0.234519517    0.234038025    0.234236656
    1.472072072    0.230920440    0.230461144    0.230650635
    1.477027027    0.227963376    0.227524617    0.227705655
    1.481981982    0.225633629    0.225213691    0.225386987
    1.486936937    0.223918575    0.223515734    0.223681999
    1.491891892    0.222809014    0.222421589    0.222581515
    1.496846847    0.222299688    0.221926094    0.222080333
    1.501801802    0.222389033    0.222027828    0.222176971
    1.506756757    0.223078296    0.222728218    0.222872782
    1.511711712    0.224370162    0.224030141    0.224170563
    1.516666667    0.226266926    0.225936091    0.226072726
    1.521621622    0.228768142    0.228445806    0.228578934
    1.526576577    0.231867545    0.231553187    0.231683020
    1.531531532    0.235549034    0.235242276    0.235368967
    1.536486486    0.239781602    0.239482181    0.239605837
    1.541441441    0.244513325    0.244221068    0.244341760
    1.546396396    0.249664856    0.249379662    0.249497431
    1.551351351    0.255123260    0.254845081    0.254959946
    1.556306306    0.260737403    0.260466228    0.260578194
    1.561261261    0.266316468    0.266052314    0.266161374
    1.566216216    0.271633326    0.271376232    0.271482371
    1.571171171    0.276434257    0.276184276    0.276287472
    1.576126126    0.280455698    0.280212894    0.280313122
    1.581081081    0.283447240    0.283211687    0.283308918
    1.586036036    0.285198152    0.284969935    0.285064134
    1.590990991    0.285562967    0.285342179    0.285433308
    1.595945946    0.284480854    0.284267597    0.284355616
    1.600900901    0.281984322    0.281778710    0.281863572
    1.605855856    0.278195151    0.277997314    0.278078966
    1.610810811    0.273308655    0.273118736    0.273197119
    1.615765766    0.267570068    0.267388226    0.267463276
    1.620720721    0.261248227    0.261074644    0.261146286
    1.625675676    0.254611370    0.254446250    0.254514400
    1.630630631    0.247908326    0.247751896    0.247816461
    1.635585586    0.241356428    0.241208947    0.241269820
    1.640540541    0.235135852    0.234997606    0.235054670
    1.645495495    0.229389023    0.229260336    0.229313458
    1.650450450    0.224223421    0.224104650    0.224153683
    1.655405405    0.219716150    0.219607694    0.219652473
    1.660360360    0.215919030    0.215821327    0.215861672
    1.665315315    0.212863319    0.212776851    0.212812564
    1.670270270    0.210563530    0.210488818    0.210519684
    1.675225225    0.209020066    0.208957674    0.208983461
    1.680180180    0.208220571    0.208171097    0.208191559
    1.685135135    0.208139985    0.208104055    0.208118933
    1.690090090    0.208739411    0.208717664    0.208726696
    1.695045045    0.209963970    0.209957042    0.209959965
    1.700000000    0.211739982    0.211748478    0.211745043
    1.704954955    0.213971975    0.213996437    0.213986420
    1.709909910    0.216540289    0.216581149    0.216564372
    1.714864865    0.219300242    0.219357770    0.219334121
    1.719819820    0.222084017    0.222158259    0.222127717
    1.724774775    0.224706318    0.224797030    0.224759696
    1.729729730    0.226974416    0.227081001    0.227037120
    1.734684685    0.228702326    0.228823782    0.228773764
    1.739639640    0.229727672    0.229862558    0.229806998
    1.744594595    0.229928623    0.230075069    0.230014735
    1.749549550    0.229237641    0.229393390    0.229329211
    1.754504505    0.227649052    0.227811550    0.227744578
    1.759459459    0.225218713    0.225385241    0.225316597
    1.764414414    0.222055931    0.222223753    0.222154565
    1.769369369    0.218309531    0.218476053    0.218407390
    1.774324324    0.214151100    0.214314002    0.214246822
    1.779279279    0.209758500    0.209915841    0.209850946
    1.784234234    0.205302075    0.205452353    0.205390362
    1.789189189    0.200934875    0.201077038    0.201018387
    1.794144144    0.196787121    0.196920548    0.196865493
    1.799099099    0.192964373    0.193088826    0.193037467
    1.804054054    0.189548450    0.189664016    0.189616317
    1.809009009    0.186600082    0.186707101    0.186662924
    1.813963964    0.184162386    0.184261397    0.184220519
    1.818918919    0.182264526    0.182356206    0.182318348
    1.823873874    0.180925092    0.181010213    0.180975057
    1.828828829    0.180154978    0.180234370    0.180201573
    1.833783784    0.179959629    0.180034153    0.180003360
    1.838738739    0.180340660    0.180411192    0.180382043
    1.843693694    0.181296868    0.181364282    0.181336414
    1.848648649    0.182824695    0.182889860    0.182862915
    1.853603604    0.184918252    0.184982025    0.184955650
    1.858558559    0.187568997    0.187632226    0.187606070
    1.863513514    0.190765237    0.190828759    0.190802478
    1.868468468    0.194491665    0.194556313    0.194529561
    1.873423423    0.198729206    0.198795813    0.198768246
    1.878378378    0.203455494    0.203524895    0.203496169
    1.883333333    0.208646296    0.208719335    0.208689101
    1.888288288    0.214278090    0.214355625    0.214323529
    1.893243243    0.220331801    0.220414710    0.220380388
    1.898198198    0.226797343    0.226886523    0.226849605
    1.903153153    0.233678265    0.233774640    0.233734745
    1.908108108    0.240995578    0.241100093    0.241056829
    1.913063063    0.248789819    0.248903441    0.248856410
    1.918018018    0.257120805    0.257244515    0.257193311
    1.922972973    0.266065037    0.266199814    0.266144034
    1.927927928    0.275711350    0.275858157    0.275797404
    1.932882883    0.286155759    0.286315508    0.286249406
    1.937837838    0.297496476    0.297669996    0.297598204
    1.942792793    0.309829831    0.310017813    0.309940049
    1.947747748    0.323247307    0.323450246    0.323366308
    1.952702703    0.337833454    0.338051581    0.337961378
    1.957657658    0.353664043    0.353897244    0.353800827
    1.962612613    0.370803609    0.371051351    0.370948947
    1.967567568    0.389301579    0.389562854    0.389454885
    1.972522523    0.409186304    0.409459584    0.409346686
    1.977477477    0.430456480    0.430739722    0.430622746
    1.982432432    0.453069650    0.453360347    0.453240332
    1.987387387    0.476927563    0.477222843    0.477100978
    1.992342342    0.501858492    0.502155267    0.502032827
    1.997297297    0.527597241    0.527892383    0.527770658
    2.002252252    0.553764774    0.554055298    0.553935517
    2.007207207    0.579851044    0.580134273    0.580017535
    2.012162162    0.605206412    0.605480095    0.605367323
    2.017117117    0.629048272    0.629310663    0.629202571
    2.022072072    0.650489336    0.650739211    0.650636297
    2.027027027    0.668591512    0.668828152    0.668730706
    2.031981982    0.682444217    0.682667351    0.682575479
    2.036936937    0.691258825    0.691468562    0.691382215
    2.041891892    0.694463896    0.694660649    0.694579653
    2.046846847    0.691781813    0.691966223    0.691890311
    2.051801802    0.683269083    0.683441955    0.683370793
    2.056756757    0.669310367    0.669472619    0.669405827
    2.061711712    0.650567829    0.650720442    0.650657615
    2.066666667    0.627898240    0.628042229    0.627982947
    2.071621622    0.602256460    0.602392851    0.602336691
    2.076576577    0.574603806    0.574733618    0.574680161
    2.081531532    0.545834732    0.545958963    0.545907796
    2.086486486    0.516728059    0.516847684    0.516798406
    2.091441441    0.487922578    0.488038542    0.487990763
    2.096396396    0.459912608    0.460025818    0.459979165
    2.101351351    0.433057407    0.433168736    0.433122849
    2.106306306    0.407598517    0.407708794    0.407663331
    2.111261261    0.383680275    0.383790278    0.383744919
    2.116216216    0.361370223    0.361480674    0.361435122
    2.121171171    0.340677515    0.340789059    0.340743049
    2.126126126    0.321568406    0.321681602    0.321634904
    2.131081081    0.303978681    0.304093977    0.304046407
    2.136036036    0.287823229    0.287940942    0.287892371
    2.140990991    0.273003252    0.273123544    0.273073906
    2.145945946    0.259411631    0.259534490    0.259483792
    2.150900901    0.246936997    0.247062225    0.247010550
    2.155855856    0.235466980    0.235594190    0.235541700
    2.160810811    0.224890994    0.225019620    0.224966550
    2.165765766    0.215102776    0.215232099    0.215178747
    2.170720721    0.206002768    0.206131952    0.206078665
    2.175675676    0.197500305    0.197628444    0.197575597
    2.180630631    0.189515479    0.189641645    0.189589621
    2.185585586    0.181980526    0.182103810    0.182052986
    2.190540541    0.174840565    0.174960115    0.174910841
    2.195495495    0.168053568    0.168168617    0.168121209
    2.200450450    0.161589536    0.161699416    0.161654149
    2.205405405    0.155428916    0.155533074    0.155490175
    2.210360360    0.149560497    0.149658496    0.149618144
    2.215315315    0.143979008    0.144070533    0.144032857
    2.220270270    0.138682769    0.138767621    0.138732700
    2.225225225    0.133671614    0.133749708    0.133717576
    2.230180180    0.128945303    0.129016651    0.128987301
    2.235135135    0.124502448    0.124567151    0.124540540
    2.240090090    0.120339959    0.120398191    0.120374247
    2.245045045    0.116452902    0.116504890    0.116483518
    2.250000000    0.112834648    0.112880660    0.112861749
    2.254954955    0.109477200    0.109517527    0.109500957
    2.259909910    0.106371597    0.106406544    0.106392188
    2.264864865    0.103508320    0.103538194    0.103525926
    2.269819820    0.100877662    0.100902763    0.100892459
    2.274774775    0.098470026    0.098490643    0.098482184
    2.279729730    0.096276163    0.096292569    0.096285843
    2.284684685    0.094287330    0.094299782    0.094294682
    2.289639640    0.092495401    0.092504134    0.092500564
    2.294594595    0.090892915    0.090898145    0.090896017
    2.299549550    0.089473106    0.089475029    0.089474261
    2.304504505    0.088229906    0.088228697    0.088229217
    2.309459459    0.087157945    0.087153760    0.087155505
    2.314414414    0.086252582    0.086245559    0.086248472
    2.319369369    0.085509953    0.085500211    0.085504243
    2.324324324    0.084927076    0.084914718    0.084919826
    2.329279279    0.084501984    0.084487095    0.084493245
    2.334234234    0.084233888    0.084216539    0.084223702
    2.339189189    0.084123318    0.084103563    0.084111716
    2.344144144    0.084172193    0.084150072    0.084159199
    2.349099099    0.084383771    0.084359308    0.084369399
    2.354054054    0.084762434    0.084735640    0.084746690
    2.359009009    0.085313282    0.085284154    0.085296165
    2.363963964    0.086041538    0.086010057    0.086023037
    2.368918919    0.086951770    0.086917902    0.086931865
    2.373873874    0.088046943    0.088010640    0.088025605
    2.378828829    0.089327310    0.089288508    0.089304502
    2.383783784    0.090789141    0.090747761    0.090764817
    2.388738739    0.092423331    0.092379278    0.092397434
    2.393693694    0.094213920    0.094167081    0.094186385
    2.398648649    0.096136690    0.096086936    0.096107440
    2.403603604    0.098158045    0.098105228    0.098126993
    2.408558559    0.100234506    0.100178462    0.100201557
    2.413513514    0.102313233    0.102253784    0.102278281
    2.418468468    0.104333957    0.104270905    0.104296886
    2.423423423    0.106232565    0.106165702    0.106193253
    2.428378378    0.107946275    0.107875383    0.107904593
    2.433333333    0.109419856    0.109344712    0.109375674
    2.438288288    0.110611882    0.110532268    0.110565071
    2.443243243    0.111499732    0.111415444    0.111450173
    2.448198198    0.112082134    0.111992994    0.112029721
    2.453153153    0.112378555    0.112284432    0.112323212
    2.458108108    0.112425571    0.112326395    0.112367256
    2.463063063    0.112271065    0.112166853    0.112209789
    2.468018018    0.111967641    0.111858521    0.111903478
    2.472972973    0.111566628    0.111452858    0.111499730
    2.477927928    0.111113737    0.110995717    0.111044339
    2.482882883    0.110646896    0.110525178    0.110575324
    2.487837838    0.110196256    0.110071536    0.110122918
    2.492792793    0.109785897    0.109658984    0.109711269
    2.497747748    0.109436506    0.109308289    0.109361110
    2.502702703    0.109168219    0.109039612    0.109092593
    2.507657658    0.109002925    0.108874809    0.108927587
    2.512612613    0.108965583    0.108838755    0.108891002
    2.517567568    0.109084469    0.108959597    0.109011037
    2.522522523    0.109390541    0.109268137    0.109318561
    2.527477477    0.109916302    0.109796713    0.109845977
    2.532432432    0.110694556    0.110577972    0.110625998
    2.537387387    0.111757370    0.111643841    0.111690608
    2.542342342    0.113135401    0.113024868    0.113070401
    2.547297297    0.114857637    0.114749959    0.114794316
    2.552252252    0.116951505    0.116846490    0.116889749
    2.557207207    0.119443260    0.119340691    0.119382942
    2.562162162    0.122358578    0.122258234    0.122299568
    2.567117117    0.125723263    0.125624937    0.125665439
    2.572072072    0.129563997    0.129467502    0.129507249
    2.577027027    0.133909032    0.133814213    0.133853268
    2.581981982    0.138788739    0.138695466    0.138733883
    2.586936937    0.144235869    0.144144036    0.144181858
    2.591891892    0.150285387    0.150194903    0.150232168
    2.596846847    0.156973736    0.156884518    0.156921261
    2.601801802    0.164337386    0.164249344    0.164285602
    2.606756757    0.172410527    0.172323561    0.172359375
    2.611711712    0.181221771    0.181135764    0.181171184
    2.616666667    0.190789713    0.190704526    0.190739609
    2.621621622    0.201117172    0.201032647    0.201067458
    2.626576577    0.212184017    0.212099975    0.212134588
    2.631531532    0.223938584    0.223854827    0.223889324
    2.636486486    0.236287956    0.236204273    0.236238742
    2.641441441    0.249087808    0.249003973    0.249038506
    2.646396396    0.262133066    0.262048847    0.262083540
    2.651351351    0.275151361    0.275066515    0.275101469
    2.656306306    0.287801861    0.287716140    0.287751456
    2.661261261    0.299682438    0.299595588    0.299631371
    2.666216216    0.310347731    0.310259491    0.310295848
    2.671171171    0.319339201    0.319249301    0.319286343
    2.676126126    0.326225663    0.326133825    0.326171667
    2.681081081    0.330649369    0.330555301    0.330594063
    2.686036036    0.332369678    0.332273071    0.332312881
    2.690990991    0.331295160    0.331195686    0.331236679
    2.695945946    0.327496557    0.327393861    0.327436183
    2.700900901    0.321197370    0.321091073    0.321134879
    2.705855856    0.312744450    0.312634138    0.312679601
    2.710810811    0.302565581    0.302450809    0.302498111
    2.715765766    0.291123182    0.291003471    0.291052810
    2.720720721    0.278872417    0.278747255    0.278798841
    2.725675676    0.266229139    0.266097982    0.266152041
    2.730630631    0.253549701    0.253411977    0.253468743
    2.735585586    0.241121823    0.240976943    0.241036660
    2.740540541    0.229164090    0.229011455    0.229074370
    2.745495495    0.217831096    0.217670115    0.217736471
    2.750450450    0.207221548    0.207051660    0.207121689
    2.755405405    0.197387285    0.197207987    0.197281896
    2.760360360    0.188341881    0.188152765    0.188230722
    2.765315315    0.180068189    0.179868986    0.179951102
    2.770270270    0.172524670    0.172315301    0.172401608
    2.775225225    0.165650707    0.165431338    0.165521768
    2.780180180    0.159371343    0.159142435    0.159236798
    2.785135135    0.153601923    0.153364274    0.153462241
    2.790090090    0.148253077    0.148007848    0.148108940
    2.795045045    0.143236224    0.142984933    0.143088524
    2.800000000    0.138469431    0.138213914    0.138319248
    2.804954955    0.133883053    0.133625388    0.133731608
    2.809909910    0.129424316    0.129166720    0.129272912
    2.814864865    0.125059988    0.124804688    0.124909933
    2.819819820    0.120776578    0.120525689    0.120629116
    2.824774775    0.116578079    0.116333492    0.116434321
    2.829729730    0.112481782    0.112245083    0.112342660
    2.834684685    0.108513116    0.108285540    0.108379356
    2.839639640    0.104700467    0.104482889    0.104572583
    2.844594595    0.101070760    0.100863711    0.100949064
    2.849549550    0.097646192    0.097449902    0.097530820
    2.854504505    0.094442196    0.094256642    0.094333133
    2.859459459    0.091466456    0.091291419    0.091363575
    2.864414414    0.088718734    0.088553847    0.088621818
    2.869369369    0.086191241    0.086036039    0.086100018
    2.874324324    0.083869433    0.083723386    0.083783591
    2.879279279    0.081733129    0.081595676    0.081652337
    2.884234234    0.079757982    0.079628549    0.079681904
    2.889189189    0.077917286    0.077795310    0.077845591
    2.894144144    0.076184086    0.076069020    0.076116452
    2.899099099    0.074533395    0.074424718    0.074469516
    2.904054054    0.072944234    0.072841453    0.072883821
    2.909009009    0.071401127    0.071303785    0.071343910
    2.913963964    0.069894739    0.069802411    0.069840469
    2.918918919    0.068421494    0.068333786    0.068369939
    2.923873874    0.066982258    0.066898808    0.066933206
    2.928828829    0.065580391    0.065500866    0.065533646
    2.933783784    0.064219594    0.064143689    0.064174977
    2.938738739    0.062901968    0.062829405    0.062859315
    2.943693694    0.061626637    0.061557160    0.061585797
    2.948648649    0.060389100    0.060322473    0.060349935
    2.953603604    0.059181382    0.059117392    0.059143767
    2.958558559    0.057992919    0.057931367    0.057956737
    2.963513514    0.056811998    0.056752705    0.056777144
    2.968468468    0.055627527    0.055570326    0.055593902
    2.973423423    0.054430797    0.054375535    0.054398312
    2.978378378    0.053216908    0.053163443    0.053185479
    2.983333333    0.051985551    0.051933753    0.051955102
    2.988288288    0.050741010    0.050690757    0.050711469
    2.993243243    0.049491383    0.049442563    0.049462684
    2.998198198    0.048247262    0.048199770    0.048219344
    3.003153153    0.047020150    0.046973887    0.046992954
    3.008108108    0.045820937    0.045775812    0.045794410
    3.013063063    0.044658688    0.044614614    0.044632779
    3.018018018    0.043539840    0.043496734    0.043514500
    3.022972973    0.042467871    0.042425656    0.042443055
    3.027927928    0.041443387    0.041401987    0.041419050
    3.032882883    0.040464556    0.040423901    0.040440657
    3.037837838    0.039527807    0.039487828    0.039504305
    3.042792793    0.038628671    0.038589301    0.038605528
    3.047747748    0.037762654    0.037723827    0.037739830
    3.052702703    0.036925998    0.036887652    0.036903457
    3.057657658    0.036116238    0.036078308    0.036093941
    3.062612613    0.035332446    0.035294871    0.035310358
    3.067567568    0.034575193    0.034537909    0.034553277
    3.072522523    0.033846242    0.033809190    0.033824462
    3.077477477    0.033148115    0.033111233    0.033126435
    3.082432432    0.032483602    0.032446830    0.032461987
    3.087387387    0.031855342    0.031818619    0.031833757
    3.092342342    0.031265490    0.031228758    0.031243900
    3.097297297    0.030715515    0.030678719    0.030693887
    3.102252252    0.030206096    0.030169184    0.030184400
    3.107207207    0.029737094    0.029700019    0.029715303
    3.112162162    0.029307580    0.029270303    0.029285670
    3.117117117    0.028915886    0.028878379    0.028893840
    3.122072072    0.028559689    0.028521934    0.028537498
    3.127027027    0.028236117    0.028198114    0.028213779
    3.131981982    0.027941894    0.027903659    0.027919419
    3.136936937    0.027673530    0.027635099    0.027650939
    3.141891892    0.027427560    0.027388985    0.027404884
    3.146846847    0.027200812    0.027162164    0.027178092
    3.151801802    0.026990682    0.026952044    0.026967967
    3.156756757    0.026795359    0.026756822    0.026772702
    3.161711712    0.026613962    0.026575621    0.026591419
    3.166666667    0.026446562    0.026408505    0.026424185
    3.171621622    0.026294070    0.026256379    0.026271907
    3.176576577    0.026158049    0.026120790    0.026136140
    3.181531532    0.026040464    0.026003692    0.026018840
    3.186486486    0.025943456    0.025907211    0.025922142
    3.191441441    0.025869165    0.025833472    0.025848176
    3.196396396    0.025819626    0.025784500    0.025798970
    3.201351351    0.025796745    0.025762192    0.025776426
    3.206306306    0.025802347    0.025768366    0.025782365
    3.211261261    0.025838249    0.025804832    0.025818599
    3.216216216    0.025906355    0.025873492    0.025887032
    3.221171171    0.026008736    0.025976411    0.025989729
    3.226126126    0.026147684    0.026115878    0.026128983
    3.231081081    0.026325743    0.026294431    0.026307333
    3.236036036    0.026545715    0.026514869    0.026527579
    3.240990991    0.026810658    0.026780247    0.026792778
    3.245945946    0.027123884    0.027093871    0.027106238
    3.250900901    0.027488954    0.027459302    0.027471521
    3.255855856    0.027909694    0.027880361    0.027892449
    3.260810811    0.028390203    0.028361147    0.028373121
    3.265765766    0.028934867    0.028906044    0.028917922
    3.270720721    0.029548363    0.029519728    0.029531528
    3.275675676    0.030235646    0.030207153    0.030218895
    3.280630631    0.031001914    0.030973516    0.030985219
    3.285585586    0.031852524    0.031824175    0.031835858
    3.290540541    0.032792869    0.032764522    0.032776204
    3.295495495    0.033828173    0.033799778    0.033811480
    3.300450450    0.034963200    0.034934709    0.034946450
    3.305405405    0.036201853    0.036173216    0.036185017
    3.310360360    0.037546632    0.037517797    0.037529679
    3.315315315    0.038997937    0.038968851    0.038980837
    3.320270270    0.040553208    0.040523813    0.040535926
    3.325225225    0.042205896    0.042176136    0.042188399
    3.330180180    0.043944339    0.043914151    0.043926591
    3.335135135    0.045750602    0.045719920    0.045732563
    3.340090090    0.047599457    0.047568214    0.047581088
    3.345045045    0.049457727    0.049425848    0.049438985
    3.350000000    0.051284261    0.051251668    0.051265099
    3.354954955    0.053030840    0.052997449    0.053011209
    3.359909910    0.054644240    0.054609963    0.054624088
    3.364864865    0.056069516    0.056034259    0.056048788
    3.369819820    0.057254346    0.057218009    0.057232984
    3.374774775    0.058153957    0.058116435    0.058131899
    3.379729730    0.058735916    0.058697102    0.058713099
    3.384684685    0.058983949    0.058943729    0.058960307
    3.389639640    0.058899997    0.058858259    0.058875464
    3.394594595    0.058504049    0.058460680    0.058478558
    3.399549550    0.057831711    0.057786606    0.057805202
    3.404504505    0.056929982    0.056883044    0.056902397
    3.409459459    0.055852021    0.055803170    0.055823313
    3.414414414    0.054651861    0.054601040    0.054621997
    3.419369369    0.053379854    0.053327036    0.053348819
    3.424324324    0.052079383    0.052024582    0.052047184
    3.429279279    0.050785035    0.050728311    0.050751709
    3.434234234    0.049522157    0.049463621    0.049487768
    3.439189189    0.048307548    0.048247363    0.048272193
    3.444144144    0.047150957    0.047089339    0.047114763
    3.449099099    0.046057028    0.045994230    0.046020143
    3.454054054    0.045027330    0.044963630    0.044989917
    3.459009009    0.044062177    0.043997855    0.044024401
    3.463963964    0.043161996    0.043097316    0.043124011
    3.468918919    0.042328121    0.042263306    0.042290058
    3.473873874    0.041563023    0.041498243    0.041524981
    3.478828829    0.040870080    0.040805442    0.040832122
    3.483783784    0.040253067    0.040188612    0.040215215
    3.488738739    0.039715524    0.039651238    0.039677770
    3.493693694    0.039260159    0.039195982    0.039222467
    3.498648649    0.038888352    0.038824199    0.038850671
    3.503603604    0.038599811    0.038535588    0.038562086
    3.508558559    0.038392396    0.038328019    0.038354576
    3.513513514    0.038262122    0.038197535    0.038224174
    3.518468468    0.038203362    0.038138555    0.038165280
    3.523423423    0.038209272    0.038144287    0.038171080
    3.528378378    0.038272426    0.038207369    0.038234186
    3.533333333    0.038385650    0.038320686    0.038347458
    3.538288288    0.038542963    0.038478313    0.038504950
    3.543243243    0.038740498    0.038676424    0.038702818
    3.548198198    0.038977237    0.038914022    0.038940057
    3.553153153    0.039255425    0.039193356    0.039218914
    3.558108108    0.039580584    0.039519928    0.039544900
    3.563063063    0.039961149    0.039902139    0.039926430
    3.568018018    0.040407834    0.040350655    0.040374188
    3.572972973    0.040932878    0.040877661    0.040900385
    3.577927928    0.041549339    0.041496159    0.041518042
    3.582882883    0.042270517    0.042219401    0.042240434
    3.587837838    0.043109586    0.043060513    0.043080704
    3.592792793    0.044079390    0.044032305    0.044051678
    3.597747748    0.045192391    0.045147210    0.045165799
    3.602702703    0.046460680    0.046417301    0.046435149
    3.607657658    0.047896006    0.047854310    0.047871466
    3.612612613    0.049509746    0.049469608    0.049486122
    3.617567568    0.051312770    0.051274062    0.051289988
    3.622522523    0.053315154    0.053277746    0.053293138
    3.627477477    0.055525676    0.055489442    0.055504351
    3.632432432    0.057951056    0.057915871    0.057930348
    3.637387387    0.060594880    0.060560626    0.060574721
    3.642342342    0.063456179    0.063422742    0.063436501
    3.647297297    0.066527616    0.066494891    0.066508357
    3.652252252    0.069793330    0.069761218    0.069774431
    3.657207207    0.073226506    0.073194915    0.073207914
    3.662162162    0.076786897    0.076755747    0.076768564
    3.667117117    0.080418663    0.080387884    0.080400548
    3.672072072    0.084049061    0.084018594    0.084031129
    3.677027027    0.087588683    0.087558484    0.087570908
    3.681981982    0.090933986    0.090904027    0.090916352
    3.686936937    0.093972687    0.093942958    0.093955187
    3.691891892    0.096592148    0.096562654    0.096574785
    3.696846847    0.098690136    0.098660901    0.098672924
    3.701801802    0.100186502    0.100157564    0.100169464
    3.706756757    0.101033608    0.101005018    0.101016774
    3.711711712    0.101223250    0.101195066    0.101206653
    3.716666667    0.100788408    0.100760691    0.100772085
    3.721621622    0.099799399    0.099772208    0.099783385
    3.726576577    0.098355392    0.098328777    0.098339717
    3.731531532    0.096573272    0.096547274    0.096557959
    3.736486486    0.094576163    0.094550811    0.094561231
    3.741441441    0.092483526    0.092458837    0.092468984
    3.746396396    0.090403962    0.090379940    0.090389813
    3.751351351    0.088431006    0.088407644    0.088417246
    3.756306306    0.086641560    0.086618842    0.086628179
    3.761261261    0.085096277    0.085074183    0.085083263
    3.766216216    0.083841149    0.083819651    0.083828487
    3.771171171    0.082909617    0.082888686    0.082897289
    3.776126126    0.082324724    0.082304329    0.082312712
    3.781081081    0.082100967    0.082081075    0.082089251
    3.786036036    0.082245662    0.082226243    0.082234225
    3.790990991    0.082759732    0.082740754    0.082748554
    3.795945946    0.083637892    0.083619325    0.083626957
    3.800900901    0.084868287    0.084850104    0.084857578
    3.805855856    0.086431660    0.086413833    0.086421160
    3.810810811    0.088300212    0.088282717    0.088289908
    3.815765766    0.090436387    0.090419201    0.090426264
    3.820720721    0.092791875    0.092774977    0.092781922
    3.825675676    0.095307185    0.095290554    0.095297389
    3.830630631    0.097912110    0.097895727    0.097902460
    3.835585586    0.100527298    0.100511146    0.100517783
    3.840540541    0.103066912    0.103050976    0.103057525
    3.845495495    0.105442068    0.105426332    0.105432798
    3.850450450    0.107564505    0.107548955    0.107555345
    3.855405405    0.109349939    0.109334563    0.109340882
    3.860360360    0.110720762    0.110705547    0.110711800
    3.865315315    0.111608214    0.111593148    0.111599340
    3.870270270    0.111954564    0.111939638    0.111945773
    3.875225225    0.111715912    0.111701116    0.111707198
    3.880180180    0.110865816    0.110851140    0.110857174
    3.885135135    0.109399279    0.109384716    0.109390704
    3.890090090    0.107335945    0.107321485    0.107327431
    3.895045045    0.104721159    0.104706796    0.104712703
    3.900000000    0.101623986    0.101609712    0.101615583
    3.904954955    0.098132118    0.098117926    0.098123765
    3.909909910    0.094344564    0.094330448    0.094336256
    3.914864865    0.090363513    0.090349466    0.090355246
    3.919819820    0.086286852    0.086272868    0.086278623
    3.924774775    0.082202384    0.082188458    0.082194190
    3.929729730    0.078184232    0.078170358    0.078176068
    3.934684685    0.074291349    0.074277522    0.074283213
    3.939639640    0.070567751    0.070553966    0.070559641
    3.944594595    0.067043905    0.067030156    0.067035817
    3.949549550    0.063738744    0.063725027    0.063730675
    3.954504505    0.060661913    0.060648222    0.060653860
    3.959459459    0.057815921    0.057802253    0.057807882
    3.964414414    0.055198075    0.055184425    0.055190047
    3.969369369    0.052802085    0.052788447    0.052794064
    3.974324324    0.050619352    0.050605724    0.050611338
    3.979279279    0.048639963    0.048626339    0.048631951
    3.984234234    0.046853406    0.046839783    0.046845395
    3.989189189    0.045249090    0.045235463    0.045241077
    3.994144144    0.043816671    0.043803036    0.043808654
    3.999099099    0.042546247    0.042532600    0.042538223
    4.004054054    0.041428433    0.041414770    0.041420400
    4.009009009    0.040454348    0.040440665    0.040446303
    4.013963964    0.039615518    0.039601810    0.039607459
    4.018918919    0.038903717    0.038889980    0.038895642
    4.023873874    0.038310755    0.038296985    0.038302660
    4.028828829    0.037828221    0.037814414    0.037820104
    4.033783784    0.037447213    0.037433364    0.037439072
    4.038738739    0.037158072    0.037144178    0.037149905
    4.043693694    0.036950167    0.036936223    0.036941971
    4.048648649    0.036811770    0.036797771    0.036803542
    4.053603604    0.036730068    0.036716011    0.036721806
    4.058558559    0.036691350    0.036677229    0.036683051
    4.063513514    0.036681366    0.036667177    0.036673027
    4.068468468    0.036685861    0.036671598    0.036677479
    4.073423423    0.036691217    0.036676875    0.036682789
    4.078378378    0.036685171    0.036670746    0.036676694
    4.083333333    0.036657529    0.036643016    0.036649001
    4.088288288    0.036600829    0.036586222    0.036592246
    4.093243243    0.036510888    0.036496181    0.036502246
    4.098198198    0.036387146    0.036372333    0.036378442
    4.103153153    0.036232732    0.036217807    0.036223962
    4.108108108    0.036054175    0.036039132    0.036045336
    4.113063063    0.035860776    0.035845608    0.035851864
    4.118018018    0.035663727    0.035648427    0.035654737
    4.122972973    0.035475130    0.035459691    0.035466058
    4.127927928    0.035307090    0.035291504    0.035297932
    4.132882883    0.035171017    0.035155277    0.035161769
    4.137837838    0.035077184    0.035061281    0.035067840
    4.142792793    0.035034535    0.035018460    0.035025090
    4.147747748    0.035050657    0.035034401    0.035041105
    4.152702703    0.035131849    0.035115402    0.035122185
    4.157657658    0.035283220    0.035266572    0.035273438
    4.162612613    0.035508794    0.035491934    0.035498887
    4.167567568    0.035811639    0.035794555    0.035801601
    4.172522523    0.036194049    0.036176728    0.036183871
    4.177477477    0.036657819    0.036640249    0.036647495
    4.182432432    0.037204621    0.037186787    0.037194142
    4.187387387    0.037836445    0.037818332    0.037825802
    4.192342342    0.038556056    0.038537649    0.038545240
    4.197297297    0.039367367    0.039348648    0.039356367
    4.202252252    0.040275625    0.040256576    0.040264431
    4.207207207    0.041287363    0.041267964    0.041275963
    4.212162162    0.042410082    0.042390311    0.042398463
    4.217117117    0.043651706    0.043631540    0.043639855
    4.222072072    0.045019892    0.044999307    0.045007795
    4.227027027    0.046521270    0.046500239    0.046508910
    4.231981982    0.048160686    0.048139179    0.048148047
    4.236936937    0.049940494    0.049918481    0.049927557
    4.241891892    0.051859878    0.051837324    0.051846623
    4.246846847    0.053914174    0.053891042    0.053900579
    4.251801802    0.056094121    0.056070371    0.056080162
    4.256756757    0.058385017    0.058360606    0.058370670
    4.261711712    0.060765772    0.060740651    0.060751008
    4.266666667    0.063207985    0.063182105    0.063192774
    4.271621622    0.065675314    0.065648618    0.065659624
    4.276576577    0.068123485    0.068095914    0.068107280
    4.281531532    0.070501340    0.070472829    0.070484583
    4.286486486    0.072753192    0.072723673    0.072735842
    4.291441441    0.074822464    0.074791864    0.074804479
    4.296396396    0.076656201    0.076624443    0.076637535
    4.301351351    0.078209699    0.078176701    0.078190305
    4.306306306    0.079450325    0.079416008    0.079430156
    4.311261261    0.080359814    0.080324094    0.080338820
    4.316216216    0.080934712    0.080897509    0.080912847
    4.321171171    0.081185248    0.081146486    0.081162467
    4.326126126    0.081133219    0.081092834    0.081109484
    4.331081081    0.080809543    0.080767485    0.080784825
    4.336036036    0.080251840    0.080208079    0.080226121
    4.340990991    0.079502083    0.079456615    0.079475360
    4.345945946    0.078604104    0.078556959    0.078576396
    4.350900901    0.077600817    0.077552065    0.077572164
    4.355855856    0.076531193    0.076480943    0.076501659
    4.360810811    0.075427283    0.075375689    0.075396958
    4.365765766    0.074311729    0.074258985    0.074280727
    4.370720721    0.073196151    0.073142486    0.073164607
    4.375675676    0.072080709    0.072026375    0.072048771
    4.380630631    0.070954932    0.070900190    0.070922754
    4.385585586    0.069799777    0.069744884    0.069767510
    4.390540541    0.068590756    0.068535949    0.068558538
    4.395495495    0.067301808    0.067247292    0.067269761
    4.400450450    0.065909486    0.065855423    0.065877705
    4.405405405    0.064396861    0.064343366    0.064365414
    4.410360360    0.062756526    0.062703668    0.062725454
    4.415315315    0.060992164    0.060939967    0.060961481
    4.420270270    0.059118424    0.059066874    0.059088121
    4.425225225    0.057159213    0.057108261    0.057129262
    4.430180180    0.055144856    0.055094428    0.055115214
    4.435135135    0.053108772    0.053058775    0.053079384
    4.440090090    0.051084290    0.051034616    0.051055093
    4.445045045    0.049102081    0.049052612    0.049073005
    4.450000000    0.047188441    0.047139050    0.047159411
    4.454954955    0.045364425    0.045314983    0.045335366
    4.459909910    0.043645716    0.043596091    0.043616551
    4.464864865    0.042043004    0.041993061    0.042013652
    4.469819820    0.040562668    0.040512272    0.040533051
    4.474774775    0.039207598    0.039156612    0.039177635
    4.479729730    0.037978018    0.037926303    0.037947628
    4.484684685    0.036872238    0.036819654    0.036841337
    4.489639640    0.035887300    0.035833702    0.035855805
    4.494594595    0.035019506    0.034964746    0.034987328
    4.499549550    0.034264826    0.034208752    0.034231876
    4.504504505    0.033619213    0.033561666    0.033585398
    4.509459459    0.033078830    0.033019643    0.033044053
    4.514414414    0.032640213    0.032579210    0.032604370
    4.519369369    0.032300380    0.032237376    0.032263362
    4.524324324    0.032056907    0.031991705    0.032018598
    4.529279279    0.031907976    0.031840364    0.031868251
    4.534234234    0.031852396    0.031782150    0.031811124
    4.539189189    0.031889624    0.031816500    0.031846663
    4.544144144    0.032019760    0.031943498    0.031974956
    4.549099099    0.032243537    0.032163858    0.032196726
    4.554054054    0.032562302    0.032478905    0.032513307
    4.559009009    0.032977980    0.032890540    0.032926611
    4.563963964    0.033493012    0.033401183    0.033439065
    4.568918919    0.034110278    0.034013689    0.034053536
    4.573873874    0.034832975    0.034731233    0.034773207
    4.578828829    0.035664456    0.035557147    0.035601418
    4.583783784    0.036608002    0.036494694    0.036541441
    4.588738739    0.037666535    0.037546784    0.037596189
    4.593693694    0.038842236    0.038715595    0.038767844
    4.598648649    0.040136092    0.040002124    0.040057395
    4.603603604    0.041547360    0.041405651    0.041464116
    4.608558559    0.043072996    0.042923179    0.042984989
    4.613513514    0.044707099    0.044548876    0.044614153
    4.618468468    0.046440487    0.046273659    0.046342485
    4.623423423    0.048260539    0.048085035    0.048157438
    4.628378378    0.050151485    0.049967385    0.050043332
    4.633333333    0.052095296    0.051902860    0.051982242
    4.638288288    0.054073289    0.053872957    0.053955593
    4.643243243    0.056068375    0.055860764    0.055946397
    4.648198198    0.058067712    0.057853584    0.057941901
    4.653153153    0.060065308    0.059845524    0.059936169
    4.658108108    0.062063979    0.061839435    0.061932039
    4.663063063    0.064076139    0.063847690    0.063941900
    4.668018018    0.066123067    0.065891460    0.065986970
    4.672972973    0.068232667    0.067998484    0.068095054
    4.677927928    0.070436032    0.070199645    0.070297123
    4.682882883    0.072763293    0.072524857    0.072623180
    4.687837838    0.075239304    0.074998756    0.075097952
    4.692792793    0.077879546    0.077636641    0.077736811
    4.697747748    0.080686539    0.080440887    0.080542191
    4.702702703    0.083646901    0.083398025    0.083500662
    4.707657658    0.086729216    0.086476613    0.086580789
    4.712612613    0.089882880    0.089626092    0.089731996
    4.717567568    0.093038221    0.092776900    0.092884673
    4.722522523    0.096108179    0.095842155    0.095951867
    4.727477477    0.098991819    0.098721162    0.098832781
    4.732432432    0.101579746    0.101304812    0.101418190
    4.737387387    0.103761240    0.103482699    0.103597558
    4.742342342    0.105432606    0.105151439    0.105267372
    4.747297297    0.106505929    0.106223397    0.106339882
    4.752252252    0.106917209    0.106634784    0.106751214
    4.757207207    0.106632723    0.106351998    0.106467715
    4.762162162    0.105652562    0.105375139    0.105489483
    4.767117117    0.104010627    0.103738009    0.103850362
    4.772072072    0.101770974    0.101504470    0.101614293
    4.777027027    0.099021112    0.098761769    0.098868632
    4.781981982    0.095863488    0.095612049    0.095715648
    4.786936937    0.092406608    0.092163508    0.092263666
    4.791891892    0.088757136    0.088522519    0.088619178
    4.796846847    0.085013786    0.084787538    0.084880746
    4.801801802    0.081263299    0.081045095    0.081134988
    4.806756757    0.077578341    0.077367691    0.077454471
    4.811711712    0.074016901    0.073813196    0.073897115
    4.816666667    0.070622744    0.070425300    0.070506641
    4.821621622    0.067426514    0.067234605    0.067313667
    4.826576577    0.064447178    0.064260071    0.064337157
    4.831531532    0.061693620    0.061510603    0.061586005
    4.836486486    0.059166258    0.058986657    0.059060653
    4.841441441    0.056858621    0.056681826    0.056754668
    4.846396396    0.054758899    0.054584375    0.054656282
    4.851351351    0.052851478    0.052678777    0.052749934
    4.856306306    0.051118503    0.050947265    0.051017820
    4.861261261    0.049541456    0.049371411    0.049441475
    4.866216216    0.048102700    0.047933654    0.048003307
    4.871171171    0.046786848    0.046618666    0.046687963
    4.876126126    0.045581788    0.045414373    0.045483354
    4.881081081    0.044479211    0.044312472    0.044381174
    4.886036036    0.043474526    0.043308359    0.043376826
    4.890990991    0.042566215    0.042400480    0.042468770
    4.895945946    0.041754731    0.041589244    0.041657432
    4.900900901    0.041041153    0.040875683    0.040943865
    4.905855856    0.040425788    0.040260068    0.040328354
    4.910810811    0.039906889    0.039740630    0.039809140
    4.915765766    0.039479577    0.039312503    0.039381350
    4.920720721    0.039135062    0.038966933    0.039036216
    4.925675676    0.038860183    0.038690835    0.038760622
    4.930630631    0.038637366    0.038466744    0.038537058
    4.935585586    0.038445075    0.038273268    0.038344072
    4.940540541    0.038258855    0.038086117    0.038157305
    4.945495495    0.038052995    0.037879755    0.037951152
    4.950450450    0.037802740    0.037629602    0.037700957
    4.955405405    0.037486803    0.037314518    0.037385523
    4.960360360    0.037089782    0.036919210    0.036989510
    4.965315315    0.036604006    0.036436059    0.036505277
    4.970270270    0.036030399    0.035865982    0.035933745
    4.975225225    0.035378179    0.035218130    0.035284093
    4.980180180    0.034663466    0.034508506    0.034572372
    4.985135135    0.033907149    0.033757852    0.033819384
    4.990090090    0.033132485    0.032989261    0.033048290
    4.995045045    0.032362864    0.032225958    0.032282384
    5.000000000    0.031620047    0.031489554    0.031543336
