# energy grid [eV]     epsr_x  epsr_y  epsr_z
# plasmon frequences [eV]:     1.023121043    1.022019993    1.022474017
    0.050000000    1.389046599    1.387484653    1.388128503
    0.054954955    1.389166926    1.387604347    1.388248458
    0.059909910    1.389298714    1.387735444    1.388379840
    0.064864865    1.389441993    1.387877969    1.388522675
    0.069819820    1.389596790    1.388031953    1.388676995
    0.074774775    1.389763140    1.388197428    1.388842830
    0.079729730    1.389941075    1.388374428    1.389020216
    0.084684685    1.390130635    1.388562991    1.389209190
    0.089639640    1.390331858    1.388763156    1.389409791
    0.094594595    1.390544787    1.388974965    1.389622062
    0.099549550    1.390769467    1.389198463    1.389846047
    0.104504505    1.391005945    1.389433697    1.390081793
    0.109459459    1.391254270    1.389680716    1.390329351
    0.114414414    1.391514497    1.389939573    1.390588772
    0.119369369    1.391786679    1.390210323    1.390860113
    0.124324324    1.392070876    1.390493023    1.391143430
    0.129279279    1.392367147    1.390787735    1.391438784
    0.134234234    1.392675557    1.391094520    1.391746239
    0.139189189    1.392996171    1.391413445    1.392065861
    0.144144144    1.393329059    1.391744579    1.392397717
    0.149099099    1.393674292    1.392087993    1.392741881
    0.154054054    1.394031946    1.392443761    1.393098427
    0.159009009    1.394402098    1.392811962    1.393467432
    0.163963964    1.394784829    1.393192675    1.393848976
    0.168918919    1.395180223    1.393585983    1.394243145
    0.173873874    1.395588368    1.393991974    1.394650023
    0.178828829    1.396009353    1.394410737    1.395069702
    0.183783784    1.396443271    1.394842364    1.395502273
    0.188738739    1.396890219    1.395286952    1.395947834
    0.193693694    1.397350298    1.395744600    1.396406484
    0.198648649    1.397823609    1.396215411    1.396878326
    0.203603604    1.398310262    1.396699491    1.397363466
    0.208558559    1.398810364    1.397196949    1.397862014
    0.213513514    1.399324031    1.397707899    1.398374084
    0.218468468    1.399851379    1.398232457    1.398899792
    0.223423423    1.400392530    1.398770744    1.399439260
    0.228378378    1.400947610    1.399322885    1.399992612
    0.233333333    1.401516745    1.399889006    1.400559976
    0.238288288    1.402100071    1.400469241    1.401141484
    0.243243243    1.402697723    1.401063725    1.401737274
    0.248198198    1.403309842    1.401672598    1.402347485
    0.253153153    1.403936574    1.402296005    1.402972263
    0.258108108    1.404578067    1.402934095    1.403611756
    0.263063063    1.405234477    1.403587020    1.404266117
    0.268018018    1.405905961    1.404254938    1.404935505
    0.272972973    1.406592683    1.404938011    1.405620082
    0.277927928    1.407294810    1.405636405    1.406320015
    0.282882883    1.408012515    1.406350293    1.407035476
    0.287837838    1.408745975    1.407079851    1.407766643
    0.292792793    1.409495373    1.407825261    1.408513696
    0.297747748    1.410260898    1.408586709    1.409276825
    0.302702703    1.411042741    1.409364387    1.410056220
    0.307657658    1.411841103    1.410158493    1.410852080
    0.312612613    1.412656187    1.410969231    1.411664609
    0.317567568    1.413488204    1.411796808    1.412494017
    0.322522523    1.414337369    1.412641440    1.413340517
    0.327477477    1.415203905    1.413503348    1.414204332
    0.332432432    1.416088040    1.414382758    1.415085690
    0.337387387    1.416990009    1.415279904    1.415984824
    0.342342342    1.417910053    1.416195026    1.416901975
    0.347297297    1.418848420    1.417128371    1.417837390
    0.352252252    1.419805366    1.418080192    1.418791323
    0.357207207    1.420781152    1.419050749    1.419764036
    0.362162162    1.421776050    1.420040312    1.420755798
    0.367117117    1.422790335    1.421049156    1.421766885
    0.372072072    1.423824293    1.422077564    1.422797580
    0.377027027    1.424878217    1.423125827    1.423848177
    0.381981982    1.425952409    1.424194245    1.424918975
    0.386936937    1.427047178    1.425283127    1.426010283
    0.391891892    1.428162844    1.426392789    1.427122420
    0.396846847    1.429299733    1.427523557    1.428255711
    0.401801802    1.430458184    1.428675766    1.429410493
    0.406756757    1.431638543    1.429849760    1.430587111
    0.411711712    1.432841167    1.431045896    1.431785921
    0.416666667    1.434066423    1.432264536    1.433007288
    0.421621622    1.435314688    1.433506057    1.434251589
    0.426576577    1.436586351    1.434770845    1.435519211
    0.431531532    1.437881812    1.436059297    1.436810552
    0.436486486    1.439201482    1.437371822    1.438126022
    0.441441441    1.440545785    1.438708842    1.439466043
    0.446396396    1.441915156    1.440070788    1.440831050
    0.451351351    1.443310044    1.441458108    1.442221490
    0.456306306    1.444730912    1.442871260    1.443637823
    0.461261261    1.446178235    1.444310718    1.445080522
    0.466216216    1.447652503    1.445776969    1.446550078
    0.471171171    1.449154221    1.447270514    1.448046991
    0.476126126    1.450683909    1.448791869    1.449571782
    0.481081081    1.452242103    1.450341569    1.451124982
    0.486036036    1.453829354    1.451920160    1.452707143
    0.490990991    1.455446231    1.453528209    1.454318831
    0.495945946    1.457093321    1.455166299    1.455960630
    0.500900901    1.458771229    1.456835029    1.457633144
    0.505855856    1.460480577    1.458535021    1.459336992
    0.510810811    1.462222009    1.460266913    1.461072817
    0.515765766    1.463996188    1.462031364    1.462841277
    0.520720721    1.465803798    1.463829054    1.464643056
    0.525675676    1.467645545    1.465660684    1.466478856
    0.530630631    1.469522157    1.467526979    1.468349404
    0.535585586    1.471434387    1.469428686    1.470255448
    0.540540541    1.473383010    1.471366576    1.472197763
    0.545495495    1.475368829    1.473341447    1.474177146
    0.550450450    1.477392671    1.475354121    1.476194423
    0.555405405    1.479455391    1.477405449    1.478250447
    0.560360360    1.481557875    1.479496308    1.480346098
    0.565315315    1.483701034    1.481627607    1.482482285
    0.570270270    1.485885813    1.483800284    1.484659951
    0.575225225    1.488113189    1.486015309    1.486880067
    0.580180180    1.490384170    1.488273685    1.489143639
    0.585135135    1.492699801    1.490576451    1.491451707
    0.590090090    1.495061163    1.492924680    1.493805349
    0.595045045    1.497469373    1.495319482    1.496205678
    0.600000000    1.499925589    1.497762009    1.498653848
    0.604954955    1.502431009    1.500253450    1.501151051
    0.609909910    1.504986873    1.502795040    1.503698524
    0.614864865    1.507594467    1.505388054    1.506297548
    0.619819820    1.510255122    1.508033818    1.508949450
    0.624774775    1.512970219    1.510733701    1.511655604
    0.629729730    1.515741188    1.513489126    1.514417436
    0.634684685    1.518569512    1.516301567    1.517236424
    0.639639640    1.521456730    1.519172553    1.520114101
    0.644594595    1.524404437    1.522103669    1.523052055
    0.649549550    1.527414289    1.525096560    1.526051938
    0.654504505    1.530488005    1.528152936    1.529115461
    0.659459459    1.533627370    1.531274569    1.532244403
    0.664414414    1.536834235    1.534463300    1.535440609
    0.669369369    1.540110526    1.537721043    1.538705997
    0.674324324    1.543458243    1.541049783    1.542042559
    0.679279279    1.546879462    1.544451586    1.545452366
    0.684234234    1.550376345    1.547928598    1.548937568
    0.689189189    1.553951137    1.551483052    1.552500405
    0.694144144    1.557606173    1.555117267    1.556143203
    0.699099099    1.561343883    1.558833659    1.559868382
    0.704054054    1.565166796    1.562634740    1.563678462
    0.709009009    1.569077541    1.566523123    1.567576062
    0.713963964    1.573078858    1.570501529    1.571563912
    0.718918919    1.577173596    1.574572793    1.575644852
    0.723873874    1.581364725    1.578739863    1.579821839
    0.728828829    1.585655337    1.583005812    1.584097954
    0.733783784    1.590048652    1.587373840    1.588476405
    0.738738739    1.594548025    1.591847281    1.592960535
    0.743693694    1.599156952    1.596429609    1.597553827
    0.748648649    1.603879076    1.601124444    1.602259911
    0.753603604    1.608718193    1.605935557    1.607082566
    0.758558559    1.613678256    1.610866878    1.612025735
    0.763513514    1.618763389    1.615922502    1.617093523
    0.768468468    1.623977886    1.621106698    1.622290208
    0.773423423    1.629326220    1.626423910    1.627620249
    0.778378378    1.634813051    1.631878769    1.633088287
    0.783333333    1.640443233    1.637476097    1.638699157
    0.788288288    1.646221817    1.643220914    1.644457893
    0.793243243    1.652154060    1.649118443    1.650369730
    0.798198198    1.658245426    1.655174114    1.656440115
    0.803153153    1.664501596    1.661393572    1.662674706
    0.808108108    1.670928468    1.667782677    1.669079378
    0.813063063    1.677532158    1.674347506    1.675660225
    0.818018018    1.684319001    1.681094355    1.682423560
    0.822972973    1.691295549    1.688029735    1.689375909
    0.827927928    1.698468568    1.695160368    1.696524013
    0.832882883    1.705845023    1.702493175    1.703874812
    0.837837838    1.713432070    1.710035268    1.711435435
    0.842792793    1.721237033    1.717793924    1.719213179
    0.847747748    1.729267379    1.725776565    1.727215484
    0.852702703    1.737530683    1.733990718    1.735449896
    0.857657658    1.746034578    1.742443969    1.743924023
    0.862612613    1.754786700    1.751143907    1.752645471
    0.867567568    1.763794606    1.760098044    1.761621771
    0.872522523    1.773065680    1.769313718    1.770860281
    0.877477477    1.782607008    1.778797975    1.780368062
    0.882432432    1.792425224    1.788557412    1.790151727
    0.887387387    1.802526322    1.798597987    1.800217249
    0.892342342    1.812915410    1.808924786    1.810569722
    0.897297297    1.823596420    1.819541722    1.821213069
    0.902252252    1.834571739    1.830451178    1.832149673
    0.907207207    1.845841758    1.841653554    1.843379930
    0.912162162    1.857404312    1.853146715    1.854901693
    0.917117117    1.869253999    1.864925312    1.866709591
    0.922072072    1.881381338    1.876979947    1.878794192
    0.927027027    1.893771740    1.889296154    1.891140978
    0.931981982    1.906404258    1.901853152    1.903729101
    0.936936937    1.919250056    1.914622333    1.916529859
    0.941891892    1.932270568    1.927565427    1.929504858
    0.946846847    1.945415266    1.940632293    1.942603799
    0.951801802    1.958619002    1.953758275    1.955761822
    0.956756757    1.971798852    1.966861069    1.968896367
    0.961711712    1.984850410    1.979837051    1.981903487
    0.966666667    1.997643524    1.992557032    1.994653595
    0.971621622    2.010017466    2.004861478    2.006986666
    0.976576577    2.021775653    2.016555253    2.018706966
    0.981531532    2.032680102    2.027402128    2.029577542
    0.986486486    2.042446021    2.037119401    2.039314829
    0.991441441    2.050737173    2.045373302    2.047584040
    0.996396396    2.057163002    2.051776133    2.053996298
    1.001351351    2.061278946    2.055886579    2.058108946
    1.006306306    2.062591833    2.057215067    2.059430930
    1.011261261    2.060572743    2.055236526    2.057435590
    1.016216216    2.054679891    2.049413106    2.051583453
    1.021171171    2.044393880    2.039229164    2.041357332
    1.026126126    2.029266478    2.024239686    2.026310885
    1.031081081    2.008981736    2.004130948    2.006129476
    1.036036036    1.983424495    1.978788520    1.980698376
    1.040990991    1.952746680    1.948363062    1.950168775
    1.045945946    1.917417386    1.913320038    1.915007637
    1.050900901    1.878240779    1.874457476    1.876015527
    1.055855856    1.836328423    1.832878479    1.834299043
    1.060810811    1.793020789    1.789913303    1.791192654
    1.065765766    1.749765056    1.746998033    1.748137023
    1.070720721    1.707968731    1.705529268    1.706533242
    1.075675676    1.668856007    1.666721504    1.667599806
    1.080630631    1.633352811    1.631493024    1.632258142
    1.085585586    1.602017695    1.600397271    1.601063798
    1.090540541    1.575022988    1.573604140    1.574187668
    1.095495495    1.552179188    1.550924185    1.551440279
    1.100450450    1.532988846    1.531862123    1.532325456
    1.105405405    1.516715100    1.515684901    1.516108573
    1.110360360    1.502452916    1.501492476    1.501887534
    1.115315315    1.489195784    1.488284121    1.488659231
    1.120270270    1.475894941    1.475017353    1.475378594
    1.125225225    1.461511044    1.460659407    1.461010154
    1.130180180    1.445059237    1.444232187    1.444573033
    1.135135135    1.425648034    1.424851062    1.425179779
    1.140090090    1.402511207    1.401756706    1.402068227
    1.145045045    1.375030992    1.374338221    1.374624652
    1.150000000    1.342751400    1.342146306    1.342396997
    1.154954955    1.305382735    1.304897556    1.305099262
    1.159909910    1.262802024    1.262474553    1.262611733
    1.164864865    1.215056888    1.214929288    1.214984587
    1.169819820    1.162380206    1.162497290    1.162452241
    1.174774775    1.105218094    1.105625023    1.105460992
    1.179729730    1.044265042    1.045004547    1.044703870
    1.184684685    0.980491057    0.981600361    0.981147615
    1.189639640    0.915140922    0.916648737    0.916031979
    1.194594595    0.849689108    0.851613097    0.850824915
    1.199549550    0.785745533    0.788090669    0.787128874
    1.204504505    0.724923479    0.727681584    0.726549408
    1.209459459    0.668694580    0.671845105    0.670550895
    1.214414414    0.618260943    0.621772855    0.620329305
    1.219369369    0.574469144    0.578303551    0.576726625
    1.224324324    0.537777951    0.541891045    0.540198763
    1.229279279    0.508277183    0.512623090    0.510834353
    1.234234234    0.485744434    0.490277668    0.488411240
    1.239189189    0.469722024    0.474399383    0.472473104
    1.244144144    0.459597828    0.464379685    0.462409930
    1.249099099    0.454678202    0.459529250    0.457530619
    1.254054054    0.454246658    0.459136198    0.457121394
    1.259009009    0.457606403    0.462508309    0.460488148
    1.263963964    0.464107906    0.469000362    0.466983880
    1.268918919    0.473164137    0.478029247    0.476023858
    1.273873874    0.484256552    0.489079889    0.487091575
    1.278828829    0.496934702    0.501704844    0.499738341
    1.283783784    0.510811793    0.515519879    0.513578864
    1.288738739    0.525557963    0.530197285    0.528284545
    1.293693694    0.540892516    0.545458152    0.543575732
    1.298648649    0.556575897    0.561064400    0.559213735
    1.303603604    0.572401947    0.576811067    0.574993096
    1.308558559    0.588190696    0.592519155    0.590734414
    1.313513514    0.603781901    0.608029201    0.606277903
    1.318468468    0.619029450    0.623195712    0.621477812
    1.323423423    0.633796762    0.637882596    0.636197847
    1.328378378    0.647953375    0.651959769    0.650307768
    1.333333333    0.661372977    0.665301212    0.663681433
    1.338288288    0.673933217    0.677784793    0.676196620
    1.343243243    0.685517694    0.689294273    0.687737021
    1.348198198    0.696020470    0.699723827    0.698196766
    1.353153153    0.705353307    0.708985294    0.707487660
    1.358108108    0.713455416    0.717017926    0.715548939
    1.363063063    0.720304871    0.723799819    0.722358688
    1.368018018    0.725930042    0.729359341    0.727945278
    1.372972973    0.730418591    0.733784135    0.732396359
    1.377927928    0.733921179    0.737224833    0.735862574
    1.382882883    0.736647393    0.739890978    0.738553486
    1.387837838    0.738852773    0.742038056    0.740724602
    1.392792793    0.740817954    0.743946642    0.742656523
    1.397747748    0.742823220    0.745896952    0.744629493
    1.402702703    0.745123159    0.748143494    0.746898053
    1.407657658    0.747926120    0.750894536    0.749670505
    1.412612613    0.751381694    0.754299576    0.753096386
    1.417567568    0.755577172    0.758445807    0.757262929
    1.422522523    0.760541830    0.763362399    0.762199348
    1.427477477    0.766256546    0.769030119    0.767886456
    1.432432432    0.772665943    0.775393473    0.774268807
    1.437387387    0.779690673    0.782372992    0.781266982
    1.442342342    0.787238273    0.789876098    0.788788451
    1.447297297    0.795211838    0.797805772    0.796736240
    1.452252252    0.803516364    0.806066913    0.805015290
    1.457207207    0.812063005    0.814570603    0.813536709
    1.462162162    0.820771606    0.823236646    0.822220319
    1.467117117    0.829571889    0.831994764    0.830995840
    1.472072072    0.838403564    0.840784714    0.839803008
    1.477027027    0.847215560    0.849555523    0.848590810
    1.481981982    0.855964542    0.858263992    0.857315989
    1.486936937    0.864612835    0.866872613    0.865940968
    1.491891892    0.873125986    0.875347114    0.874431400
    1.496846847    0.881470180    0.883653849    0.882753570
    1.501801802    0.889609735    0.891757285    0.890871885
    1.506756757    0.897504831    0.899617706    0.898746587
    1.511711712    0.905109492    0.907189199    0.906331739
    1.516666667    0.912369791    0.914417856    0.913573424
    1.521621622    0.919222227    0.921240151    0.920408130
    1.526576577    0.925592338    0.927581572    0.926761365
    1.531531532    0.931393835    0.933355755    0.932546796
    1.536486486    0.936528707    0.938464601    0.937666361
    1.541441441    0.940888953    0.942800020    0.942012008
    1.546396396    0.944360629    0.946247974    0.945469735
    1.551351351    0.946830796    0.948695438    0.947926554
    1.556306306    0.948197726    0.950040603    0.949280689
    1.561261261    0.948384169    0.950206146    0.949454846
    1.566216216    0.947352765    0.949154644    0.948411630
    1.571171171    0.945121700    0.946904223    0.946169189
    1.576126126    0.941777704    0.943541566    0.942814227
    1.581081081    0.937482949    0.939228799    0.938508888
    1.586036036    0.932472636    0.934201085    0.933488350
    1.590990991    0.927041559    0.928753184    0.928047388
    1.595945946    0.921520441    0.923215790    0.922516707
    1.600900901    0.916245632    0.917925224    0.917232640
    1.605855856    0.911527740    0.913192072    0.912505783
    1.610810811    0.907625100    0.909274644    0.908594454
    1.615765766    0.904726422    0.906361628    0.905687352
    1.620720721    0.902944336    0.904565632    0.903897094
    1.625675676    0.902318847    0.903926641    0.903263672
    1.630630631    0.902827869    0.904422542    0.903764984
    1.635585586    0.904401388    0.905983298    0.905331005
    1.640540541    0.906936184    0.908505660    0.907858494
    1.645495495    0.910308935    0.911866274    0.911224114
    1.650450450    0.914386584    0.915932047    0.915294785
    1.655405405    0.919033651    0.920567455    0.919935001
    1.660360360    0.924116732    0.925639044    0.925011329
    1.665315315    0.929506719    0.931017645    0.930394625
    1.670270270    0.935079347    0.936578924    0.935960584
    1.675225225    0.940714670    0.942202847    0.941589207
    1.680180180    0.946295999    0.947772629    0.947163749
    1.685135135    0.951708819    0.953173636    0.952569626
    1.690090090    0.956840120    0.958292724    0.957693747
    1.695045045    0.961578632    0.963018468    0.962424753
    1.700000000    0.965816396    0.967242736    0.966654582
    1.704954955    0.969452098    0.970864023    0.970281809
    1.709909910    0.972396444    0.973792835    0.973217021
    1.714864865    0.974579586    0.975959124    0.975390253
    1.719819820    0.975960152    0.977321329    0.976760022
    1.724774775    0.976534807    0.977875963    0.977322904
    1.729729730    0.976346631    0.977666008    0.977121921
    1.734684685    0.975490118    0.976785941    0.976251558
    1.739639640    0.974110688    0.975381276    0.974857290
    1.744594595    0.972397355    0.973641238    0.973128256
    1.749549550    0.970568667    0.971784718    0.971283206
    1.754504505    0.968853773    0.970041318    0.969551555
    1.759459459    0.967471854    0.968630752    0.968152797
    1.764414414    0.966613598    0.967744274    0.967277955
    1.769369369    0.966427774    0.967531204    0.967076119
    1.774324324    0.967014505    0.968092143    0.967647695
    1.779279279    0.968425172    0.969478847    0.969044283
    1.784234234    0.970667607    0.971699396    0.971273859
    1.789189189    0.973714531    0.974726639    0.974309221
    1.794144144    0.977513246    0.978507888    0.978097675
    1.799099099    0.981994921    0.982974237    0.982570348
    1.804054054    0.987082507    0.988048499    0.987650107
    1.809009009    0.992696788    0.993651278    0.993257632
    1.813963964    0.998760559    0.999705172    0.999315601
    1.818918919    1.005201151    1.006137314    1.005751230
    1.823873874    1.011951637    1.012880586    1.012497478
    1.828828829    1.018951088    1.019873881    1.019493312
    1.833783784    1.026144183    1.027061719    1.026683319
    1.838738739    1.033480475    1.034393515    1.034016969
    1.843693694    1.040913509    1.041822691    1.041447736
    1.848648649    1.048399988    1.049305845    1.048932261
    1.853603604    1.055899146    1.056802120    1.056429725
    1.858558559    1.063372467    1.064272921    1.063901565
    1.863513514    1.070783872    1.071682100    1.071311661
    1.868468468    1.078100464    1.078996696    1.078627081
    1.873423423    1.085293851    1.086188259    1.085819395
    1.878378378    1.092341941    1.093234641    1.092866482
    1.883333333    1.099230964    1.100122013    1.099754536
    1.888288288    1.105957241    1.106846637    1.106479843
    1.893243243    1.112528117    1.113415793    1.113049711
    1.898198198    1.118961416    1.119847232    1.119481920
    1.903153153    1.125282957    1.126166688    1.125802240
    1.908108108    1.131522084    1.132403406    1.132039957
    1.913063063    1.137705664    1.138584142    1.138221873
    1.918018018    1.143851492    1.144726555    1.144365703
    1.922972973    1.149962184    1.150833111    1.150473976
    1.927927928    1.156020534    1.156886426    1.156529381
    1.932882883    1.161986754    1.162846516    1.162492015
    1.937837838    1.167797512    1.168649831    1.168298419
    1.942792793    1.173366128    1.174209465    1.173861780
    1.947747748    1.178583111    1.179415693    1.179072469
    1.952702703    1.183316205    1.184136042    1.183798103
    1.957657658    1.187409431    1.188214354    1.187882597
    1.962612613    1.190680964    1.191468688    1.191144056
    1.967567568    1.192920110    1.193688325    1.193371771
    1.972522523    1.193883935    1.194630433    1.194322865
    1.977477477    1.193294359    1.194017171    1.193719398
    1.982432432    1.190836647    1.191534195    1.191246862
    1.987387387    1.186160542    1.186831773    1.186555307
    1.992342342    1.178885680    1.179530159    1.179264730
    1.997297297    1.168613425    1.169231386    1.168976889
    2.002252252    1.154947563    1.155539886    1.155295950
    2.007207207    1.137525931    1.138094069    1.137860089
    2.012162162    1.116063655    1.116609511    1.116384696
    2.017117117    1.090405954    1.090931738    1.090715173
    2.022072072    1.060584689    1.061092768    1.060883475
    2.027027027    1.026868730    1.027361500    1.027158490
    2.031981982    0.989795368    0.990275141    0.990077463
    2.036936937    0.950170102    0.950639030    0.950445798
    2.041891892    0.909026684    0.909486713    0.909297127
    2.046846847    0.867548068    0.868000910    0.867814267
    2.051801802    0.826959434    0.827406565    0.827222258
    2.056756757    0.788412872    0.788855536    0.788673056
    2.061711712    0.752885841    0.753325067    0.753143991
    2.066666667    0.721111129    0.721547748    0.721367737
    2.071621622    0.693546693    0.693981360    0.693802145
    2.076576577    0.670383455    0.670816667    0.670638045
    2.081531532    0.651581567    0.652013680    0.651835505
    2.086486486    0.636922492    0.637353732    0.637175914
    2.091441441    0.626065088    0.626495564    0.626318058
    2.096396396    0.618597101    0.619026813    0.618849621
    2.101351351    0.614077272    0.614506113    0.614329280
    2.106306306    0.612066498    0.612494259    0.612317872
    2.111261261    0.612148685    0.612575053    0.612399243
    2.116216216    0.613943026    0.614367585    0.614192524
    2.121171171    0.617109851    0.617532083    0.617357986
    2.126126126    0.621352045    0.621771329    0.621598453
    2.131081081    0.626413720    0.626829343    0.626657983
    2.136036036    0.632077421    0.632488586    0.632319071
    2.140990991    0.638160765    0.638566614    0.638399300
    2.145945946    0.644513089    0.644912732    0.644747986
    2.150900901    0.651012394    0.651404942    0.651243131
    2.155855856    0.657562669    0.657947281    0.657788752
    2.160810811    0.664091533    0.664467458    0.664312520
    2.165765766    0.670548011    0.670914633    0.670763539
    2.170720721    0.676900271    0.677257140    0.677110074
    2.175675676    0.683133137    0.683479987    0.683337058
    2.180630631    0.689245306    0.689582061    0.689443298
    2.185585586    0.695246246    0.695573014    0.695438371
    2.190540541    0.701152887    0.701469934    0.701339299
    2.195495495    0.706986251    0.707293981    0.707167185
    2.200450450    0.712768302    0.713067229    0.712944058
    2.205405405    0.718519246    0.718809966    0.718690173
    2.210360360    0.724255528    0.724538694    0.724422009
    2.215315315    0.729988646    0.730264946    0.730151083
    2.220270270    0.735724785    0.735994918    0.735883589
    2.225225225    0.741465149    0.741729800    0.741620723
    2.230180180    0.747206783    0.747466609    0.747359512
    2.235135135    0.752943653    0.753199265    0.753093897
    2.240090090    0.758667782    0.758919733    0.758815867
    2.245045045    0.764370275    0.764619055    0.764516490
    2.250000000    0.770042149    0.770288182    0.770186742
    2.254954955    0.775674934    0.775918578    0.775818119
    2.259909910    0.781261059    0.781502610    0.781403009
    2.264864865    0.786794043    0.787033739    0.786934899
    2.269819820    0.792268544    0.792506574    0.792408418
    2.274774775    0.797680320    0.797916826    0.797819296
    2.279729730    0.803026110    0.803261196    0.803164250
    2.284684685    0.808303496    0.808537234    0.808440842
    2.289639640    0.813510754    0.813743189    0.813647333
    2.294594595    0.818646710    0.818877863    0.818782534
    2.299549550    0.823710617    0.823940493    0.823845689
    2.304504505    0.828702061    0.828930648    0.828836376
    2.309459459    0.833620893    0.833848167    0.833754436
    2.314414414    0.838467175    0.838693104    0.838599927
    2.319369369    0.843241141    0.843465683    0.843373078
    2.324324324    0.847943133    0.848166242    0.848074227
    2.329279279    0.852573489    0.852795114    0.852703711
    2.334234234    0.857132348    0.857352436    0.857261667
    2.339189189    0.861619351    0.861837845    0.861747733
    2.344144144    0.866033222    0.866250065    0.866160633
    2.349099099    0.870371266    0.870586402    0.870497674
    2.354054054    0.874628812    0.874842184    0.874754183
    2.359009009    0.878798654    0.879010207    0.878922957
    2.363963964    0.882870564    0.883080245    0.882993766
    2.368918919    0.886830900    0.887038660    0.886952973
    2.373873874    0.890662371    0.890868165    0.890783289
    2.378828829    0.894343994    0.894547783    0.894463733
    2.383783784    0.897851306    0.898053058    0.897969848
    2.388738739    0.901156920    0.901356612    0.901274251
    2.393693694    0.904231548    0.904429169    0.904347662
    2.398648649    0.907045607    0.907241158    0.907160505
    2.403603604    0.909571525    0.909765026    0.909685218
    2.408558559    0.911786755    0.911978244    0.911899265
    2.413513514    0.913677354    0.913866895    0.913788719
    2.418468468    0.915241769    0.915429456    0.915352044
    2.423423423    0.916494176    0.916680138    0.916603438
    2.428378378    0.917466576    0.917650982    0.917574923
    2.433333333    0.918208796    0.918391864    0.918316358
    2.438288288    0.918785878    0.918967880    0.918892813
    2.443243243    0.919272866    0.919454138    0.919379372
    2.448198198    0.919747769    0.919928709    0.919854081
    2.453153153    0.920284009    0.920465083    0.920390400
    2.458108108    0.920943914    0.921125658    0.921050699
    2.463063063    0.921774518    0.921957523    0.921882045
    2.468018018    0.922806255    0.922991158    0.922914898
    2.472972973    0.924054437    0.924241893    0.924164582
    2.477927928    0.925522744    0.925713396    0.925634769
    2.482882883    0.927207689    0.927402127    0.927321941
    2.487837838    0.929102984    0.929301698    0.929219751
    2.492792793    0.931202939    0.931406280    0.931322427
    2.497747748    0.933504397    0.933712539    0.933626709
    2.502702703    0.936007088    0.936220008    0.936132210
    2.507657658    0.938712679    0.938930161    0.938840485
    2.512612613    0.941623055    0.941844701    0.941753310
    2.517567568    0.944738420    0.944963692    0.944870809
    2.522522523    0.948055752    0.948284017    0.948189902
    2.527477477    0.951567877    0.951798455    0.951703388
    2.532432432    0.955263222    0.955495433    0.955399694
    2.537387387    0.959126101    0.959359303    0.959263157
    2.542342342    0.963137335    0.963370952    0.963274636
    2.547297297    0.967274964    0.967508499    0.967412217
    2.552252252    0.971514901    0.971747940    0.971651863
    2.557207207    0.975831389    0.976063602    0.975967866
    2.562162162    0.980197215    0.980428345    0.980333055
    2.567117117    0.984583614    0.984813463    0.984718702
    2.572072072    0.988959838    0.989188254    0.989094084
    2.577027027    0.993292351    0.993519210    0.993425682
    2.581981982    0.997543627    0.997768818    0.997675979
    2.586936937    1.001670545    1.001893962    1.001801855
    2.591891892    1.005622417    1.005843942    1.005752617
    2.596846847    1.009338709    1.009558214    1.009467724
    2.601801802    1.012746575    1.012963916    1.012874320
    2.606756757    1.015758325    1.015973350    1.015884711
    2.611711712    1.018269026    1.018481573    1.018393958
    2.616666667    1.020154434    1.020364343    1.020277817
    2.621621622    1.021269634    1.021476747    1.021391375
    2.626576577    1.021448854    1.021653023    1.021568867
    2.631531532    1.020507147    1.020708238    1.020625352
    2.636486486    1.018244813    1.018442706    1.018361139
    2.641441441    1.014455521    1.014650112    1.014569908
    2.646396396    1.008939080    1.009130281    1.009051474
    2.651351351    1.001519390    1.001707128    1.001629750
    2.656306306    0.992067350    0.992251567    0.992175641
    2.661261261    0.980527139    0.980707787    0.980633332
    2.666216216    0.966942561    0.967119607    0.967046637
    2.671171171    0.951478447    0.951651864    0.951580389
    2.676126126    0.934431038    0.934600808    0.934530837
    2.681081081    0.916221950    0.916388066    0.916319601
    2.686036036    0.897372964    0.897535425    0.897468467
    2.690990991    0.878463389    0.878622208    0.878556751
    2.695945946    0.860076631    0.860231835    0.860167868
    2.700900901    0.842745883    0.842897519    0.842835022
    2.705855856    0.826909138    0.827057281    0.826996224
    2.710810811    0.812880832    0.813025590    0.812965929
    2.715765766    0.800842657    0.800984181    0.800925853
    2.720720721    0.790851429    0.790989926    0.790932846
    2.725675676    0.782858879    0.782994619    0.782938675
    2.730630631    0.776737289    0.776870622    0.776815670
    2.735585586    0.772305743    0.772437113    0.772382970
    2.740540541    0.769353439    0.769483399    0.769429837
    2.745495495    0.767658290    0.767787517    0.767734257
    2.750450450    0.767000474    0.767129785    0.767076490
    2.755405405    0.767171497    0.767301865    0.767248134
    2.760360360    0.767979774    0.768112331    0.768057697
    2.765315315    0.769253815    0.769389855    0.769333785
    2.770270270    0.770844005    0.770984974    0.770926872
    2.775225225    0.772623734    0.772771197    0.772710417
    2.780180180    0.774490307    0.774645907    0.774581772
    2.785135135    0.776365779    0.776531164    0.776462995
    2.790090090    0.778197482    0.778374220    0.778301370
    2.795045045    0.779957795    0.780147273    0.780069170
    2.800000000    0.781642586    0.781845906    0.781762097
    2.804954955    0.783267899    0.783485787    0.783395972
    2.809909910    0.784864810    0.785097554    0.785001614
    2.814864865    0.786472914    0.786720335    0.786618343
    2.819819820    0.788133331    0.788394803    0.788287018
    2.824774775    0.789882349    0.790156858    0.790043698
    2.829729730    0.791746660    0.792032888    0.791914897
    2.834684685    0.793740709    0.794037138    0.793914941
    2.839639640    0.795866168    0.796171179    0.796045444
    2.844594595    0.798113108    0.798425077    0.798296473
    2.849549550    0.800462262    0.800779627    0.800648798
    2.854504505    0.802887758    0.803209070    0.803076613
    2.859459459    0.805359879    0.805683837    0.805550289
    2.864414414    0.807847597    0.808173057    0.808038890
    2.869369369    0.810320785    0.810646765    0.810512384
    2.874324324    0.812752119    0.813077791    0.812943536
    2.879279279    0.815118703    0.815443378    0.815309534
    2.884234234    0.817403387    0.817726505    0.817593303
    2.889189189    0.819595707    0.819916814    0.819784441
    2.894144144    0.821692260    0.822010997    0.821879601
    2.899099099    0.823696367    0.824012457    0.823882152
    2.904054054    0.825616929    0.825930157    0.825801032
    2.909009009    0.827466538    0.827776747    0.827648866
    2.913963964    0.829259130    0.829566207    0.829439617
    2.918918919    0.831007598    0.831311466    0.831186199
    2.923873874    0.832721834    0.833022446    0.832898522
    2.928828829    0.834407559    0.834704892    0.834582319
    2.933783784    0.836066111    0.836360159    0.836238940
    2.938738739    0.837695137    0.837985910    0.837866042
    2.943693694    0.839289975    0.839577494    0.839458967
    2.948648649    0.840845408    0.841129705    0.841012506
    2.953603604    0.842357477    0.842638588    0.842522703
    2.958558559    0.843825031    0.844102999    0.843988409
    2.963513514    0.845250770    0.845525641    0.845412328
    2.968468468    0.846641581    0.846913402    0.846801346
    2.973423423    0.848008089    0.848276911    0.848166092
    2.978378378    0.849363490    0.849629361    0.849519758
    2.983333333    0.850721865    0.850984838    0.850876430
    2.988288288    0.852096349    0.852356474    0.852249240
    2.993243243    0.853497499    0.853754826    0.853648746
    2.998198198    0.854932186    0.855186763    0.855081816
    3.003153153    0.856403144    0.856655020    0.856551187
    3.008108108    0.857909186    0.858158409    0.858055670
    3.013063063    0.859445921    0.859692537    0.859590872
    3.018018018    0.861006792    0.861250844    0.861150236
    3.022972973    0.862584223    0.862825756    0.862726187
    3.027927928    0.864170730    0.864409786    0.864311238
    3.032882883    0.865759850    0.865996472    0.865898928
    3.037837838    0.867346820    0.867581048    0.867484491
    3.042792793    0.868928929    0.869160804    0.869065217
    3.047747748    0.870505538    0.870735100    0.870640466
    3.052702703    0.872077767    0.872305056    0.872211359
    3.057657658    0.873647944    0.873873000    0.873780224
    3.062612613    0.875218916    0.875441782    0.875349909
    3.067567568    0.876793380    0.877014097    0.876923109
    3.072522523    0.878373334    0.878591948    0.878501827
    3.077477477    0.879959751    0.880176309    0.880087036
    3.082432432    0.881552457    0.881767010    0.881678563
    3.087387387    0.883150205    0.883362808    0.883275165
    3.092342342    0.884750867    0.884961581    0.884874715
    3.097297297    0.886351683    0.886560574    0.886474460
    3.102252252    0.887949525    0.888156667    0.888071273
    3.107207207    0.889541134    0.889746608    0.889661901
    3.112162162    0.891123330    0.891327223    0.891243168
    3.117117117    0.892693197    0.892895606    0.892812161
    3.122072072    0.894248249    0.894449274    0.894366399
    3.127027027    0.895786586    0.895986333    0.895903985
    3.131981982    0.897307037    0.897505611    0.897423745
    3.136936937    0.898809274    0.899006776    0.898925352
    3.141891892    0.900293884    0.900490407    0.900409385
    3.146846847    0.901762354    0.901957977    0.901877327
    3.151801802    0.903216971    0.903411756    0.903331451
    3.156756757    0.904660613    0.904854600    0.904774624
    3.161711712    0.906096466    0.906289672    0.906210018
    3.166666667    0.907527710    0.907720131    0.907640801
    3.171621622    0.908957238    0.909148850    0.909069855
    3.176576577    0.910387447    0.910578213    0.910499567
    3.181531532    0.911820142    0.912010014    0.911931738
    3.186486486    0.913256547    0.913445473    0.913367588
    3.191441441    0.914697399    0.914885322    0.914807852
    3.196396396    0.916143084    0.916329951    0.916252917
    3.201351351    0.917593783    0.917779543    0.917702966
    3.206306306    0.919049587    0.919234189    0.919158090
    3.211261261    0.920510562    0.920693961    0.920618359
    3.216216216    0.921976771    0.922158922    0.922083834
    3.221171171    0.923448243    0.923629103    0.923554548
    3.226126126    0.924924923    0.925104451    0.925030445
    3.231081081    0.926406607    0.926584763    0.926511323
    3.236036036    0.927892879    0.928069626    0.927996767
    3.240990991    0.929383062    0.929558365    0.929486101
    3.245945946    0.930876167    0.931049994    0.930978338
    3.250900901    0.932370851    0.932543174    0.932472138
    3.255855856    0.933865368    0.934036162    0.933965756
    3.260810811    0.935357498    0.935526739    0.935456973
    3.265765766    0.936844462    0.937012132    0.936943013
    3.270720721    0.938322808    0.938488892    0.938420427
    3.275675676    0.939788274    0.939952757    0.939884952
    3.280630631    0.941235612    0.941398483    0.941331342
    3.285585586    0.942658387    0.942819637    0.942753165
    3.290540541    0.944048753    0.944208374    0.944142573
    3.295495495    0.945397197    0.945555183    0.945490056
    3.300450450    0.946692284    0.946848630    0.946784179
    3.305405405    0.947920399    0.948075099    0.948011327
    3.310360360    0.949065535    0.949218588    0.949155495
    3.315315315    0.950109168    0.950260570    0.950198157
    3.320270270    0.951030273    0.951180024    0.951118292
    3.325225225    0.951805580    0.951953680    0.951892629
    3.330180180    0.952410160    0.952556611    0.952496240
    3.335135135    0.952818448    0.952963254    0.952903562
    3.340090090    0.953005795    0.953148962    0.953089946
    3.345045045    0.952950579    0.953092116    0.953033772
    3.350000000    0.952636821    0.952776742    0.952719065
    3.354954955    0.952057109    0.952195432    0.952138414
    3.359909910    0.951215463    0.951352212    0.951295844
    3.364864865    0.950129638    0.950264846    0.950209114
    3.369819820    0.948832302    0.948966008    0.948910896
    3.374774775    0.947370568    0.947502824    0.947448310
    3.379729730    0.945803619    0.945934489    0.945880547
    3.384684685    0.944198499    0.944328064    0.944274661
    3.389639640    0.942624578    0.942752936    0.942700031
    3.394594595    0.941147525    0.941274793    0.941222339
    3.399549550    0.939823802    0.939950122    0.939898059
    3.404504505    0.938696575    0.938822111    0.938770372
    3.409459459    0.937793603    0.937918545    0.937867051
    3.414414414    0.937127218    0.937251782    0.937200445
    3.419369369    0.936696096    0.936820518    0.936769239
    3.424324324    0.936488231    0.936612765    0.936561440
    3.429279279    0.936484477    0.936609383    0.936557904
    3.434234234    0.936662067    0.936787602    0.936735863
    3.439189189    0.936997676    0.937124080    0.937071981
    3.444144144    0.937469751    0.937597224    0.937544683
    3.449099099    0.938059961    0.938188657    0.938135609
    3.454054054    0.938753784    0.938883793    0.938830201
    3.459009009    0.939540314    0.939671656    0.939617511
    3.463963964    0.940411509    0.940544139    0.940489459
    3.468918919    0.941361142    0.941494956    0.941439784
    3.473873874    0.942383719    0.942518574    0.942462968
    3.478828829    0.943473592    0.943609324    0.943553352
    3.483783784    0.944624372    0.944760821    0.944704548
    3.488738739    0.945828685    0.945965714    0.945909197
    3.493693694    0.947078225    0.947215736    0.947159016
    3.498648649    0.948364028    0.948501974    0.948445070
    3.503603604    0.949676914    0.949815304    0.949758213
    3.508558559    0.951008022    0.951146920    0.951089616
    3.513513514    0.952349407    0.952488927    0.952431363
    3.518468468    0.953694654    0.953834946    0.953777062
    3.523423423    0.955039450    0.955180685    0.955122410
    3.528378378    0.956382034    0.956524388    0.956465651
    3.533333333    0.957723442    0.957867073    0.957807809
    3.538288288    0.959067438    0.959212467    0.959152628
    3.543243243    0.960420096    0.960566593    0.960506150
    3.548198198    0.961789042    0.961937009    0.961875963
    3.553153153    0.963182452    0.963331824    0.963270203
    3.558108108    0.964607990    0.964758639    0.964696494
    3.563063063    0.966071850    0.966223589    0.966161000
    3.568018018    0.967578054    0.967730659    0.967667718
    3.572972973    0.969128076    0.969281295    0.969218105
    3.577927928    0.970720747    0.970874320    0.970810988
    3.582882883    0.972352387    0.972506056    0.972442688
    3.587837838    0.974017026    0.974170549    0.974107245
    3.592792793    0.975706633    0.975859789    0.975796639
    3.597747748    0.977411260    0.977563854    0.977500938
    3.602702703    0.979119067    0.979270932    0.979208319
    3.607657658    0.980816214    0.980967209    0.980904956
    3.612612613    0.982486601    0.982636612    0.982574766
    3.617567568    0.984111508    0.984260444    0.984199042
    3.622522523    0.985669127    0.985816919    0.985755989
    3.627477477    0.987134043    0.987280641    0.987220204
    3.632432432    0.988476715    0.988622087    0.988562156
    3.637387387    0.989663022    0.989807152    0.989747733
    3.642342342    0.990653991    0.990796878    0.990737971
    3.647297297    0.991405845    0.991547498    0.991489100
    3.652252252    0.991870564    0.992011007    0.991953107
    3.657207207    0.991997193    0.992136460    0.992079045
    3.662162162    0.991734144    0.991872280    0.991815331
    3.667117117    0.991032714    0.991169773    0.991113268
    3.672072072    0.989851916    0.989987961    0.989931873
    3.677027027    0.988164486    0.988299585    0.988243887
    3.681981982    0.985963561    0.986097790    0.986042451
    3.686936937    0.983269071    0.983402504    0.983347493
    3.691891892    0.980132465    0.980265174    0.980210461
    3.696846847    0.976638267    0.976770318    0.976715878
    3.701801802    0.972901208    0.973032657    0.972978465
    3.706756757    0.969058527    0.969189414    0.969135455
    3.711711712    0.965258238    0.965388586    0.965334850
    3.716666667    0.961645307    0.961775123    0.961721608
    3.721621622    0.958348349    0.958477619    0.958424331
    3.726576577    0.955469268    0.955597966    0.955544916
    3.731531532    0.953077382    0.953205468    0.953152671
    3.736486486    0.951208303    0.951335730    0.951283207
    3.741441441    0.949866802    0.949993519    0.949941289
    3.746396396    0.949032206    0.949158160    0.949106246
    3.751351351    0.948664843    0.948789985    0.948738407
    3.756306306    0.948712307    0.948836591    0.948785367
    3.761261261    0.949114749    0.949238135    0.949187283
    3.766216216    0.949808866    0.949931319    0.949880852
    3.771171171    0.950730551    0.950852043    0.950801972
    3.776126126    0.951816382    0.951936889    0.951887224
    3.781081081    0.953004207    0.953123712    0.953074461
    3.786036036    0.954233111    0.954351599    0.954302767
    3.790990991    0.955443024    0.955560486    0.955512077
    3.795945946    0.956574242    0.956690672    0.956642689
    3.800900901    0.957567066    0.957682460    0.957634904
    3.805855856    0.958361782    0.958476140    0.958429011
    3.810810811    0.958899177    0.959012497    0.958965796
    3.815765766    0.959121711    0.959233997    0.959187723
    3.820720721    0.958975447    0.959086701    0.959040852
    3.825675676    0.958412629    0.958522855    0.958477430
    3.830630631    0.957394705    0.957503908    0.957458905
    3.835585586    0.955895370    0.956003554    0.955958971
    3.840540541    0.953903115    0.954010285    0.953966121
    3.845495495    0.951422831    0.951528994    0.951485246
    3.850450450    0.948476238    0.948581399    0.948538065
    3.855405405    0.945101288    0.945205452    0.945162529
    3.860360360    0.941351030    0.941454203    0.941411690
    3.865315315    0.937292493    0.937394681    0.937352574
    3.870270270    0.933005830    0.933107036    0.933065335
    3.875225225    0.928583443    0.928683674    0.928642376
    3.880180180    0.924128294    0.924227555    0.924186657
    3.885135135    0.919750483    0.919848779    0.919808279
    3.890090090    0.915561674    0.915659009    0.915618905
    3.895045045    0.911667773    0.911764150    0.911724441
    3.900000000    0.908161082    0.908256506    0.908217190
    3.904954955    0.905113558    0.905208033    0.905169109
    3.909909910    0.902572542    0.902666072    0.902627537
    3.914864865    0.900559630    0.900652217    0.900614071
    3.919819820    0.899072522    0.899164170    0.899126411
    3.924774775    0.898089062    0.898179773    0.898142400
    3.929729730    0.897572406    0.897662182    0.897625194
    3.934684685    0.897476340    0.897565184    0.897528580
    3.939639640    0.897750037    0.897837951    0.897801731
    3.944594595    0.898341858    0.898428844    0.898393006
    3.949549550    0.899202098    0.899288157    0.899252700
    3.954504505    0.900284748    0.900369881    0.900334806
    3.959459459    0.901548448    0.901632657    0.901597963
    3.964414414    0.902956837    0.903040122    0.903005809
    3.969369369    0.904478475    0.904560837    0.904526904
    3.974324324    0.906086510    0.906167949    0.906134396
    3.979279279    0.907758191    0.907838707    0.907805534
    3.984234234    0.909474321    0.909553914    0.909521122
    3.989189189    0.911218693    0.911297363    0.911264951
    3.994144144    0.912977552    0.913055298    0.913023267
    3.999099099    0.914739096    0.914815918    0.914784268
    4.004054054    0.916493030    0.916568926    0.916537657
    4.009009009    0.918230168    0.918305138    0.918274250
    4.013963964    0.919942114    0.920016156    0.919985651
    4.018918919    0.921620997    0.921694108    0.921663987
    4.023873874    0.923259291    0.923331470    0.923301732
    4.028828829    0.924849724    0.924920970    0.924891617
    4.033783784    0.926385298    0.926455607    0.926426640
    4.038738739    0.927859411    0.927928780    0.927900201
    4.043693694    0.929266112    0.929334539    0.929306347
    4.048648649    0.930600456    0.930667938    0.930640136
    4.053603604    0.931858942    0.931925475    0.931898064
    4.058558559    0.933039975    0.933105555    0.933078537
    4.063513514    0.934144286    0.934208910    0.934182285
    4.068468468    0.935175249    0.935238912    0.935212683
    4.073423423    0.936139035    0.936201733    0.936175902
    4.078378378    0.937044567    0.937106295    0.937080864
    4.083333333    0.937903267    0.937964020    0.937938990
    4.088288288    0.938728587    0.938788359    0.938763733
    4.093243243    0.939535328    0.939594115    0.939569895
    4.098198198    0.940338773    0.940396567    0.940372756
    4.103153153    0.941153687    0.941210483    0.941187083
    4.108108108    0.941993319    0.942049110    0.942026124
    4.113063063    0.942868546    0.942923325    0.942900756
    4.118018018    0.943787311    0.943841070    0.943818921
    4.122972973    0.944754427    0.944807160    0.944785434
    4.127927928    0.945771746    0.945823444    0.945802144
    4.132882883    0.946838578    0.946889234    0.946868363
    4.137837838    0.947952248    0.948001851    0.947981414
    4.142792793    0.949108638    0.949157181    0.949137181
    4.147747748    0.950302664    0.950350137    0.950330577
    4.152702703    0.951528633    0.951575027    0.951555912
    4.157657658    0.952780531    0.952825834    0.952807169
    4.162612613    0.954052258    0.954096461    0.954078249
    4.167567568    0.955337864    0.955380955    0.955363201
    4.172522523    0.956631776    0.956673744    0.956656453
    4.177477477    0.957928999    0.957969832    0.957953009
    4.182432432    0.959225228    0.959264914    0.959248563
    4.187387387    0.960516813    0.960555340    0.960539467
    4.192342342    0.961800533    0.961837888    0.961822498
    4.197297297    0.963073159    0.963109327    0.963094426
    4.202252252    0.964330849    0.964365818    0.964351411
    4.207207207    0.965568466    0.965602221    0.965588314
    4.212162162    0.966778915    0.966811442    0.966798041
    4.217117117    0.967952613    0.967983898    0.967971009
    4.222072072    0.969077146    0.969107174    0.969094803
    4.227027027    0.970137138    0.970165894    0.970154048
    4.231981982    0.971114306    0.971141776    0.971130459
    4.236936937    0.971987650    0.972013819    0.972003039
    4.241891892    0.972733737    0.972758592    0.972748354
    4.246846847    0.973327051    0.973350578    0.973340887
    4.251801802    0.973740427    0.973762615    0.973753476
    4.256756757    0.973945679    0.973966515    0.973957934
    4.261711712    0.973914532    0.973934009    0.973925988
    4.266666667    0.973620063    0.973638173    0.973630715
    4.271621622    0.973038740    0.973055479    0.973048587
    4.276576577    0.972153058    0.972168427    0.972162100
    4.281531532    0.970954510    0.970968513    0.970962749
    4.286486486    0.969446401    0.969459049    0.969453844
    4.291441441    0.967645834    0.967657146    0.967652492
    4.296396396    0.965584224    0.965594225    0.965590112
    4.301351351    0.963305943    0.963314672    0.963311083
    4.306306306    0.960865204    0.960872710    0.960869626
    4.311261261    0.958321752    0.958328099    0.958325492
    4.316216216    0.955736247    0.955741515    0.955739353
    4.321171171    0.953166196    0.953170483    0.953168725
    4.326126126    0.950662889    0.950666313    0.950664910
    4.331081081    0.948269372    0.948272069    0.948270966
    4.336036036    0.946019143    0.946021267    0.946020400
    4.340990991    0.943935238    0.943936961    0.943936259
    4.345945946    0.942029608    0.942031110    0.942030498
    4.350900901    0.940302924    0.940304390    0.940303793
    4.355855856    0.938745125    0.938746734    0.938746077
    4.360810811    0.937336926    0.937338841    0.937338058
    4.365765766    0.936052338    0.936054690    0.936053727
    4.370720721    0.934861975    0.934864857    0.934863676
    4.375675676    0.933736816    0.933740270    0.933738853
    4.380630631    0.932651968    0.932655978    0.932654333
    4.385585586    0.931590003    0.931594496    0.931592652
    4.390540541    0.930543467    0.930548316    0.930546327
    4.395495495    0.929516195    0.929521226    0.929519162
    4.400450450    0.928523166    0.928528168    0.928526117
    4.405405405    0.927588806    0.927593546    0.927591604
    4.410360360    0.926743914    0.926748148    0.926746416
    4.415315315    0.926021678    0.926025163    0.926023741
    4.420270270    0.925453490    0.925455992    0.925454976
    4.425225225    0.925065292    0.925066590    0.925066071
    4.430180180    0.924875053    0.924874946    0.924875007
    4.435135135    0.924891643    0.924889947    0.924890664
    4.440090090    0.925115039    0.925111591    0.925113031
    4.445045045    0.925537554    0.925532209    0.925534431
    4.450000000    0.926145649    0.926138277    0.926141335
    4.454954955    0.926921922    0.926912408    0.926916350
    4.459909910    0.927846963    0.927835204    0.927840072
    4.464864865    0.928900877    0.928886780    0.928892612
    4.469819820    0.930064427    0.930047909    0.930054739
    4.474774775    0.931319789    0.931300770    0.931308632
    4.479729730    0.932650976    0.932629384    0.932638307
    4.484684685    0.934044023    0.934019791    0.934029802
    4.489639640    0.935486985    0.935460047    0.935471174
    4.494594595    0.936969823    0.936940116    0.936952385
    4.499549550    0.938484218    0.938451682    0.938465117
    4.504504505    0.940023362    0.939987939    0.940002565
    4.509459459    0.941581732    0.941543364    0.941559204
    4.514414414    0.943154870    0.943113503    0.943130580
    4.519369369    0.944739183    0.944694765    0.944713100
    4.524324324    0.946331748    0.946284232    0.946303844
    4.529279279    0.947930147    0.947879487    0.947900396
    4.534234234    0.949532298    0.949478457    0.949500677
    4.539189189    0.951136312    0.951079260    0.951102804
    4.544144144    0.952740346    0.952680062    0.952704939
    4.549099099    0.954342463    0.954278939    0.954305151
    4.554054054    0.955940487    0.955873729    0.955901274
    4.559009009    0.957531853    0.957461891    0.957490757
    4.563963964    0.959113458    0.959040342    0.959070508
    4.568918919    0.960681491    0.960605305    0.960636736
    4.573873874    0.962231269    0.962152131    0.962184778
    4.578828829    0.963757062    0.963675136    0.963708932
    4.583783784    0.965251935    0.965167440    0.965202294
    4.588738739    0.966707613    0.966620826    0.966656623
    4.593693694    0.968114392    0.968025666    0.968062261
    4.598648649    0.969461149    0.969370916    0.969408130
    4.603603604    0.970735481    0.970644261    0.970681879
    4.608558559    0.971924035    0.971832445    0.971870212
    4.613513514    0.973013097    0.972921843    0.972959468
    4.618468468    0.973989455    0.973899332    0.973936486
    4.623423423    0.974841561    0.974753433    0.974789760
    4.628378378    0.975560909    0.975475684    0.975510809
    4.633333333    0.976143454    0.976062040    0.976095589
    4.638288288    0.976590790    0.976514051    0.976545669
    4.643243243    0.976910736    0.976839435    0.976868807
    4.648198198    0.977116943    0.977051689    0.977078565
    4.653153153    0.977227319    0.977168522    0.977192734
    4.658108108    0.977261266    0.977209112    0.977230585
    4.663063063    0.977236070    0.977190516    0.977209268
    4.668018018    0.977163016    0.977123816    0.977139948
    4.672972973    0.977043911    0.977010664    0.977024343
    4.677927928    0.976868590    0.976840801    0.976852232
    4.682882883    0.976613727    0.976590880    0.976600275
    4.687837838    0.976243030    0.976224657    0.976232208
    4.692792793    0.975708689    0.975694433    0.975700287
    4.697747748    0.974953889    0.974943562    0.974947795
    4.702702703    0.973916233    0.973909845    0.973912451
    4.707657658    0.972531947    0.972529733    0.972530615
    4.712612613    0.970740804    0.970743229    0.970742192
    4.717567568    0.968491610    0.968499358    0.968496121
    4.722522523    0.965747977    0.965761919    0.965756121
    4.727477477    0.962493893    0.962515041    0.962506263
    4.732432432    0.958738460    0.958767894    0.958755692
    4.737387387    0.954519052    0.954557835    0.954541772
    4.742342342    0.949902209    0.949951290    0.949930974
    4.747297297    0.944981749    0.945041869    0.945016997
    4.752252252    0.939873920    0.939945524    0.939915915
    4.757207207    0.934709798    0.934792981    0.934758598
    4.762162162    0.929625683    0.929720165    0.929681126
    4.767117117    0.924752698    0.924857838    0.924814410
    4.772072072    0.920207080    0.920321926    0.920274504
    4.777027027    0.916082606    0.916205974    0.916155046
    4.781981982    0.912446116    0.912576676    0.912522791
    4.786936937    0.909336397    0.909472757    0.909416490
    4.791891892    0.906765974    0.906906766    0.906848680
    4.796846847    0.904724921    0.904868855    0.904809482
    4.801801802    0.903185661    0.903331574    0.903271393
    4.806756757    0.902107910    0.902254792    0.902194218
    4.811711712    0.901443212    0.901590221    0.901529599
    4.816666667    0.901138776    0.901285239    0.901224847
    4.821621622    0.901140564    0.901285975    0.901226021
    4.826576577    0.901395670    0.901539682    0.901480307
    4.831531532    0.901854094    0.901996502    0.901937791
    4.836486486    0.902470041    0.902610767    0.902552751
    4.841441441    0.903202846    0.903341922    0.903284587
    4.846396396    0.904017623    0.904155171    0.904098466
    4.851351351    0.904885678    0.905021882    0.904965733
    4.856306306    0.905784672    0.905919754    0.905864068
    4.861261261    0.906698475    0.906832669    0.906777349
    4.866216216    0.907616650    0.907750179    0.907695134
    4.871171171    0.908533512    0.908666567    0.908611718
    4.876126126    0.909446796    0.909579524    0.909524811
    4.881081081    0.910356062    0.910488566    0.910433946
    4.886036036    0.911261050    0.911393395    0.911338842
    4.890990991    0.912160223    0.912292455    0.912237950
    4.895945946    0.913049705    0.913181873    0.913127396
    4.900900901    0.913922715    0.914054902    0.914000419
    4.905855856    0.914769531    0.914901875    0.914847328
    4.910810811    0.915577902    0.915710620    0.915655920
    4.915765766    0.916333850    0.916467255    0.916412273
    4.920720721    0.917022770    0.917157276    0.917101840
    4.925675676    0.917630765    0.917766884    0.917710784
    4.930630631    0.918146169    0.918284495    0.918227486
    4.935585586    0.918561150    0.918702336    0.918644148
    4.940540541    0.918873257    0.919017970    0.918958328
    4.945495495    0.919086651    0.919235526    0.919174169
    4.950450450    0.919212752    0.919366342    0.919303041
    4.955405405    0.919270015    0.919428737    0.919363321
    4.960360360    0.919282697    0.919446788    0.919379158
    4.965315315    0.919278666    0.919448157    0.919378301
    4.970270270    0.919286603    0.919461313    0.919389305
    4.975225225    0.919333075    0.919512625    0.919438622
    4.980180180    0.919440036    0.919623883    0.919548109
    4.985135135    0.919623153    0.919810630    0.919733360
    4.990090090    0.919891122    0.920081490    0.920003028
    4.995045045    0.920245882    0.920438378    0.920359039
    5.000000000    0.920683493    0.920877364    0.920797458
