# energy grid [eV]     ieps_x  ieps_y  ieps_z
#
    0.050000000    1.383212856    1.381676107    1.382309571
    0.054954955    1.382959915    1.381424494    1.382057410
    0.059909910    1.382691630    1.381157618    1.381789953
    0.064864865    1.382408844    1.380876316    1.381508040
    0.069819820    1.382112260    1.380581289    1.381212371
    0.074774775    1.381802469    1.380273124    1.380903535
    0.079729730    1.381479965    1.379952312    1.380582026
    0.084684685    1.381145169    1.379619272    1.380248263
    0.089639640    1.380798440    1.379274361    1.379902602
    0.094594595    1.380440087    1.378917887    1.379545353
    0.099549550    1.380070380    1.378550117    1.379176785
    0.104504505    1.379689556    1.378171289    1.378797134
    0.109459459    1.379297828    1.377781613    1.378406613
    0.114414414    1.378895388    1.377381281    1.378005411
    0.119369369    1.378482411    1.376970466    1.377593705
    0.124324324    1.378059059    1.376549330    1.377171656
    0.129279279    1.377625483    1.376118023    1.376739413
    0.134234234    1.377181826    1.375676686    1.376297120
    0.139189189    1.376728223    1.375225455    1.375844912
    0.144144144    1.376264805    1.374764460    1.375382918
    0.149099099    1.375791697    1.374293824    1.374911263
    0.154054054    1.375309021    1.373813669    1.374430069
    0.159009009    1.374816896    1.373324114    1.373939455
    0.163963964    1.374315439    1.372825275    1.373439537
    0.168918919    1.373804766    1.372317267    1.372930430
    0.173873874    1.373284989    1.371800201    1.372412247
    0.178828829    1.372756222    1.371274191    1.371885100
    0.183783784    1.372218577    1.370739348    1.371349102
    0.188738739    1.371672164    1.370195782    1.370804362
    0.193693694    1.371117094    1.369643603    1.370250992
    0.198648649    1.370553479    1.369082923    1.369689102
    0.203603604    1.369981429    1.368513849    1.369118801
    0.208558559    1.369401054    1.367936492    1.368540201
    0.213513514    1.368812464    1.367350963    1.367953410
    0.218468468    1.368215770    1.366757370    1.367358539
    0.223423423    1.367611084    1.366155824    1.366755698
    0.228378378    1.366998514    1.365546435    1.366144998
    0.233333333    1.366378173    1.364929314    1.365526549
    0.238288288    1.365750171    1.364304570    1.364900462
    0.243243243    1.365114620    1.363672314    1.364266848
    0.248198198    1.364471631    1.363032657    1.363625818
    0.253153153    1.363821315    1.362385710    1.362977482
    0.258108108    1.363163785    1.361731584    1.362321953
    0.263063063    1.362499152    1.361070390    1.361659342
    0.268018018    1.361827528    1.360402240    1.360989760
    0.272972973    1.361149026    1.359727244    1.360313319
    0.277927928    1.360463757    1.359045516    1.359630131
    0.282882883    1.359771833    1.358357166    1.358940308
    0.287837838    1.359073368    1.357662305    1.358243961
    0.292792793    1.358368473    1.356961046    1.357541204
    0.297747748    1.357657261    1.356253500    1.356832146
    0.302702703    1.356939843    1.355539779    1.356116902
    0.307657658    1.356216332    1.354819994    1.355395581
    0.312612613    1.355486840    1.354094256    1.354668296
    0.317567568    1.354751479    1.353362678    1.353935158
    0.322522523    1.354010361    1.352625369    1.353196279
    0.327477477    1.353263597    1.351882441    1.352451770
    0.332432432    1.352511298    1.351134005    1.351701742
    0.337387387    1.351753576    1.350380171    1.350946305
    0.342342342    1.350990542    1.349621049    1.350185571
    0.347297297    1.350222305    1.348856750    1.349419648
    0.352252252    1.349448976    1.348087382    1.348648648
    0.357207207    1.348670666    1.347313055    1.347872679
    0.362162162    1.347887483    1.346533878    1.347091851
    0.367117117    1.347099536    1.345749960    1.346306272
    0.372072072    1.346306935    1.344961407    1.345516050
    0.377027027    1.345509787    1.344168329    1.344721294
    0.381981982    1.344708199    1.343370831    1.343922111
    0.386936937    1.343902280    1.342569020    1.343118607
    0.391891892    1.343092135    1.341763003    1.342310888
    0.396846847    1.342277871    1.340952885    1.341499061
    0.401801802    1.341459593    1.340138770    1.340683230
    0.406756757    1.340637405    1.339320763    1.339863500
    0.411711712    1.339811413    1.338498967    1.339039974
    0.416666667    1.338981720    1.337673486    1.338212757
    0.421621622    1.338148428    1.336844422    1.337381950
    0.426576577    1.337311639    1.336011876    1.336547655
    0.431531532    1.336471456    1.335175950    1.335709974
    0.436486486    1.335627979    1.334336743    1.334869007
    0.441441441    1.334781308    1.333494355    1.334024854
    0.446396396    1.333931542    1.332648885    1.333177613
    0.451351351    1.333078780    1.331800430    1.332327383
    0.456306306    1.332223119    1.330949088    1.331474260
    0.461261261    1.331364656    1.330094955    1.330618343
    0.466216216    1.330503488    1.329238127    1.329759726
    0.471171171    1.329639709    1.328378698    1.328898503
    0.476126126    1.328773414    1.327516762    1.328034771
    0.481081081    1.327904696    1.326652412    1.327168620
    0.486036036    1.327033647    1.325785740    1.326300144
    0.490990991    1.326160361    1.324916837    1.325429435
    0.495945946    1.325284927    1.324045794    1.324556581
    0.500900901    1.324407434    1.323172700    1.323681675
    0.505855856    1.323527974    1.322297644    1.322804803
    0.510810811    1.322646632    1.321420712    1.321926053
    0.515765766    1.321763497    1.320541993    1.321045514
    0.520720721    1.320878654    1.319661570    1.320163269
    0.525675676    1.319992189    1.318779530    1.319279405
    0.530630631    1.319104186    1.317895956    1.318394006
    0.535585586    1.318214728    1.317010931    1.317507153
    0.540540541    1.317323898    1.316124536    1.316618930
    0.545495495    1.316431777    1.315236853    1.315729418
    0.550450450    1.315538445    1.314347962    1.314838696
    0.555405405    1.314643982    1.313457941    1.313946844
    0.560360360    1.313748466    1.312566868    1.313053940
    0.565315315    1.312851974    1.311674821    1.312160061
    0.570270270    1.311954584    1.310781875    1.311265283
    0.575225225    1.311056369    1.309888106    1.310369681
    0.580180180    1.310157405    1.308993587    1.309473330
    0.585135135    1.309257766    1.308098392    1.308576303
    0.590090090    1.308357523    1.307202593    1.307678672
    0.595045045    1.307456748    1.306306259    1.306780508
    0.600000000    1.306555511    1.305409463    1.305881881
    0.604954955    1.305653882    1.304512272    1.304982861
    0.609909910    1.304751929    1.303614755    1.304083515
    0.614864865    1.303849720    1.302716979    1.303183912
    0.619819820    1.302947321    1.301819010    1.302284117
    0.624774775    1.302044798    1.300920913    1.301384195
    0.629729730    1.301142214    1.300022752    1.300484211
    0.634684685    1.300239634    1.299124590    1.299584228
    0.639639640    1.299337120    1.298226490    1.298684309
    0.644594595    1.298434733    1.297328513    1.297784514
    0.649549550    1.297532535    1.296430718    1.296884904
    0.654504505    1.296630584    1.295533165    1.295985538
    0.659459459    1.295728939    1.294635913    1.295086476
    0.664414414    1.294827657    1.293739019    1.294187773
    0.669369369    1.293926796    1.292842539    1.293289487
    0.674324324    1.293026412    1.291946528    1.292391673
    0.679279279    1.292126558    1.291051041    1.291494386
    0.684234234    1.291227288    1.290156132    1.290597680
    0.689189189    1.290328657    1.289261853    1.289701607
    0.694144144    1.289430714    1.288368256    1.288806218
    0.699099099    1.288533512    1.287475391    1.287911566
    0.704054054    1.287637101    1.286583309    1.287017699
    0.709009009    1.286741530    1.285692059    1.286124668
    0.713963964    1.285846846    1.284801687    1.285232519
    0.718918919    1.284953098    1.283912243    1.284341300
    0.723873874    1.284060332    1.283023771    1.283451059
    0.728828829    1.283168593    1.282136317    1.282561839
    0.733783784    1.282277927    1.281249927    1.281673685
    0.738738739    1.281388377    1.280364642    1.280786643
    0.743693694    1.280499985    1.279480507    1.279900753
    0.748648649    1.279612795    1.278597563    1.279016059
    0.753603604    1.278726848    1.277715851    1.278132601
    0.758558559    1.277842183    1.276835411    1.277250420
    0.763513514    1.276958841    1.275956284    1.276369555
    0.768468468    1.276076861    1.275078507    1.275490045
    0.773423423    1.275196279    1.274202118    1.274611928
    0.778378378    1.274317135    1.273327155    1.273735241
    0.783333333    1.273439463    1.272453653    1.272860021
    0.788288288    1.272563300    1.271581648    1.271986302
    0.793243243    1.271688679    1.270711174    1.271114119
    0.798198198    1.270815637    1.269842266    1.270243507
    0.803153153    1.269944205    1.268974957    1.269374498
    0.808108108    1.269074416    1.268109279    1.268507125
    0.813063063    1.268206302    1.267245263    1.267641420
    0.818018018    1.267339893    1.266382941    1.266777414
    0.822972973    1.266475221    1.265522342    1.265915136
    0.827927928    1.265612315    1.264663497    1.265054617
    0.832882883    1.264751204    1.263806433    1.264195885
    0.837837838    1.263891915    1.262951180    1.263338968
    0.842792793    1.263034477    1.262097763    1.262483894
    0.847747748    1.262178916    1.261246211    1.261630689
    0.852702703    1.261325258    1.260396548    1.260779379
    0.857657658    1.260473529    1.259548801    1.259929991
    0.862612613    1.259623753    1.258702994    1.259082548
    0.867567568    1.258775955    1.257859151    1.258237074
    0.872522523    1.257930158    1.257017295    1.257393594
    0.877477477    1.257086385    1.256177450    1.256552130
    0.882432432    1.256244658    1.255339637    1.255712703
    0.887387387    1.255404999    1.254503878    1.254875337
    0.892342342    1.254567429    1.253670194    1.254040051
    0.897297297    1.253731969    1.252838605    1.253206866
    0.902252252    1.252898637    1.252009131    1.252375802
    0.907207207    1.252067454    1.251181791    1.251546878
    0.912162162    1.251238438    1.250356604    1.250720112
    0.917117117    1.250411607    1.249533587    1.249895524
    0.922072072    1.249586979    1.248712760    1.249073129
    0.927027027    1.248764571    1.247894137    1.248252946
    0.931981982    1.247944399    1.247077736    1.247434991
    0.936936937    1.247126479    1.246263573    1.246619279
    0.941891892    1.246310827    1.245451663    1.245805827
    0.946846847    1.245497458    1.244642021    1.244994648
    0.951801802    1.244686385    1.243834661    1.244185758
    0.956756757    1.243877624    1.243029597    1.243379170
    0.961711712    1.243071187    1.242226843    1.242574898
    0.966666667    1.242267087    1.241426411    1.241772954
    0.971621622    1.241465337    1.240628314    1.240973351
    0.976576577    1.240665949    1.239832564    1.240176102
    0.981531532    1.239868934    1.239039172    1.239381216
    0.986486486    1.239074304    1.238248150    1.238588707
    0.991441441    1.238282069    1.237459508    1.237798584
    0.996396396    1.237492239    1.236673256    1.237010857
    1.001351351    1.236704824    1.235889404    1.236225537
    1.006306306    1.235919834    1.235107962    1.235442632
    1.011261261    1.235137277    1.234328938    1.234662152
    1.016216216    1.234357163    1.233552341    1.233884105
    1.021171171    1.233579498    1.232778179    1.233108499
    1.026126126    1.232804291    1.232006460    1.232335342
    1.031081081    1.232031550    1.231237192    1.231564642
    1.036036036    1.231261281    1.230470380    1.230796406
    1.040990991    1.230493492    1.229706032    1.230030639
    1.045945946    1.229728187    1.228944154    1.229267349
    1.050900901    1.228965374    1.228184753    1.228506541
    1.055855856    1.228205057    1.227427833    1.227748220
    1.060810811    1.227447242    1.226673400    1.226992393
    1.065765766    1.226691934    1.225921458    1.226239064
    1.070720721    1.225939138    1.225172013    1.225488238
    1.075675676    1.225188857    1.224425068    1.224739918
    1.080630631    1.224441096    1.223680628    1.223994108
    1.085585586    1.223695858    1.222938695    1.223250813
    1.090540541    1.222953146    1.222199275    1.222510036
    1.095495495    1.222212964    1.221462368    1.221771779
    1.100450450    1.221475314    1.220727978    1.221036046
    1.105405405    1.220740198    1.219996108    1.220302838
    1.110360360    1.220007619    1.219266760    1.219572158
    1.115315315    1.219277578    1.218539935    1.218844007
    1.120270270    1.218550078    1.217815635    1.218118388
    1.125225225    1.217825119    1.217093862    1.217395302
    1.130180180    1.217102703    1.216374616    1.216674749
    1.135135135    1.216382829    1.215657899    1.215956731
    1.140090090    1.215665500    1.214943710    1.215241247
    1.145045045    1.214950715    1.214232051    1.214528299
    1.150000000    1.214238473    1.213522921    1.213817887
    1.154954955    1.213528776    1.212816320    1.213110010
    1.159909910    1.212821623    1.212112248    1.212404667
    1.164864865    1.212117012    1.211410704    1.211701859
    1.169819820    1.211414943    1.210711688    1.211001585
    1.174774775    1.210715416    1.210015198    1.210303843
    1.179729730    1.210018428    1.209321233    1.209608632
    1.184684685    1.209323979    1.208629792    1.208915951
    1.189639640    1.208632066    1.207940873    1.208225798
    1.194594595    1.207942689    1.207254474    1.207538171
    1.199549550    1.207255844    1.206570594    1.206853069
    1.204504505    1.206571529    1.205889229    1.206170488
    1.209459459    1.205889742    1.205210379    1.205490427
    1.214414414    1.205210481    1.204534039    1.204812883
    1.219369369    1.204533743    1.203860207    1.204137854
    1.224324324    1.203859524    1.203188882    1.203465335
    1.229279279    1.203187822    1.202520058    1.202795325
    1.234234234    1.202518633    1.201853734    1.202127820
    1.239189189    1.201851955    1.201189905    1.201462817
    1.244144144    1.201187782    1.200528568    1.200800311
    1.249099099    1.200526112    1.199869720    1.200140300
    1.254054054    1.199866941    1.199213357    1.199482779
    1.259009009    1.199210264    1.198559474    1.198827744
    1.263963964    1.198556078    1.197908067    1.198175192
    1.268918919    1.197904377    1.197259133    1.197525118
    1.273873874    1.197255159    1.196612667    1.196877517
    1.278828829    1.196608418    1.195968664    1.196232385
    1.283783784    1.195964149    1.195327120    1.195589718
    1.288738739    1.195322347    1.194688030    1.194949510
    1.293693694    1.194683009    1.194051388    1.194311757
    1.298648649    1.194046128    1.193417191    1.193676453
    1.303603604    1.193411699    1.192785433    1.193043594
    1.308558559    1.192779717    1.192156108    1.192413174
    1.313513514    1.192150178    1.191529211    1.191785188
    1.318468468    1.191523074    1.190904738    1.191159630
    1.323423423    1.190898401    1.190282682    1.190536495
    1.328378378    1.190276153    1.189663037    1.189915778
    1.333333333    1.189656325    1.189045798    1.189297471
    1.338288288    1.189038909    1.188430960    1.188681571
    1.343243243    1.188423901    1.187818516    1.188068070
    1.348198198    1.187811295    1.187208460    1.187456962
    1.353153153    1.187201083    1.186600786    1.186848242
    1.358108108    1.186593261    1.185995488    1.186241904
    1.363063063    1.185987821    1.185392560    1.185637940
    1.368018018    1.185384757    1.184791995    1.185036345
    1.372972973    1.184784063    1.184193787    1.184437113
    1.377927928    1.184185732    1.183597930    1.183840236
    1.382882883    1.183589758    1.183004417    1.183245708
    1.387837838    1.182996134    1.182413241    1.182653523
    1.392792793    1.182404853    1.181824395    1.182063674
    1.397747748    1.181815909    1.181237874    1.181476154
    1.402702703    1.181229294    1.180653670    1.180890956
    1.407657658    1.180645002    1.180071776    1.180308073
    1.412612613    1.180063026    1.179492185    1.179727500
    1.417567568    1.179483359    1.178914891    1.179149227
    1.422522523    1.178905993    1.178339887    1.178573249
    1.427477477    1.178330921    1.177767164    1.177999558
    1.432432432    1.177758137    1.177196717    1.177428148
    1.437387387    1.177187633    1.176628538    1.176859011
    1.442342342    1.176619402    1.176062620    1.176292139
    1.447297297    1.176053437    1.175498955    1.175727526
    1.452252252    1.175489729    1.174937536    1.175165163
    1.457207207    1.174928273    1.174378357    1.174605045
    1.462162162    1.174369059    1.173821409    1.174047163
    1.467117117    1.173812082    1.173266685    1.173491510
    1.472072072    1.173257333    1.172714177    1.172938079
    1.477027027    1.172704804    1.172163879    1.172386861
    1.481981982    1.172154489    1.171615783    1.171837850
    1.486936937    1.171606380    1.171069880    1.171291038
    1.491891892    1.171060468    1.170526165    1.170746417
    1.496846847    1.170516747    1.169984628    1.170203980
    1.501801802    1.169975208    1.169445262    1.169663719
    1.506756757    1.169435845    1.168908060    1.169125626
    1.511711712    1.168898649    1.168373015    1.168589694
    1.516666667    1.168363612    1.167840117    1.168055914
    1.521621622    1.167830727    1.167309360    1.167524280
    1.526576577    1.167299985    1.166780736    1.166994783
    1.531531532    1.166771380    1.166254237    1.166467416
    1.536486486    1.166244903    1.165729855    1.165942171
    1.541441441    1.165720547    1.165207583    1.165419039
    1.546396396    1.165198303    1.164687413    1.164898014
    1.551351351    1.164678164    1.164169336    1.164379088
    1.556306306    1.164160121    1.163653346    1.163862251
    1.561261261    1.163644168    1.163139434    1.163347498
    1.566216216    1.163130296    1.162627592    1.162834819
    1.571171171    1.162618496    1.162117813    1.162324207
    1.576126126    1.162108762    1.161610088    1.161815654
    1.581081081    1.161601085    1.161104411    1.161309152
    1.586036036    1.161095458    1.160600772    1.160804694
    1.590990991    1.160591872    1.160099164    1.160302270
    1.595945946    1.160090319    1.159599580    1.159801874
    1.600900901    1.159590792    1.159102010    1.159303498
    1.605855856    1.159093282    1.158606448    1.158807133
    1.610810811    1.158597782    1.158112886    1.158312772
    1.615765766    1.158104284    1.157621315    1.157820407
    1.620720721    1.157612779    1.157131728    1.157330029
    1.625675676    1.157123260    1.156644117    1.156841632
    1.630630631    1.156635719    1.156158474    1.156355206
    1.635585586    1.156150148    1.155674791    1.155870745
    1.640540541    1.155666539    1.155193060    1.155388240
    1.645495495    1.155184884    1.154713273    1.154907683
    1.650450450    1.154705175    1.154235423    1.154429066
    1.655405405    1.154227404    1.153759501    1.153952382
    1.660360360    1.153751564    1.153285500    1.153477623
    1.665315315    1.153277645    1.152813412    1.153004780
    1.670270270    1.152805642    1.152343228    1.152533847
    1.675225225    1.152335545    1.151874942    1.152064814
    1.680180180    1.151867346    1.151408545    1.151597675
    1.685135135    1.151401039    1.150944030    1.151132421
    1.690090090    1.150936614    1.150481389    1.150669044
    1.695045045    1.150474064    1.150020613    1.150207537
    1.700000000    1.150013382    1.149561695    1.149747892
    1.704954955    1.149554559    1.149104628    1.149290101
    1.709909910    1.149097588    1.148649403    1.148834157
    1.714864865    1.148642461    1.148196014    1.148380051
    1.719819820    1.148189170    1.147744451    1.147927775
    1.724774775    1.147737707    1.147294708    1.147477323
    1.729729730    1.147288064    1.146846776    1.147028686
    1.734684685    1.146840235    1.146400648    1.146581857
    1.739639640    1.146394210    1.145956317    1.146136827
    1.744594595    1.145949983    1.145513774    1.145693590
    1.749549550    1.145507545    1.145073012    1.145252138
    1.754504505    1.145066889    1.144634023    1.144812462
    1.759459459    1.144628008    1.144196800    1.144374555
    1.764414414    1.144190893    1.143761336    1.143938410
    1.769369369    1.143755538    1.143327622    1.143504020
    1.774324324    1.143321933    1.142895651    1.143071375
    1.779279279    1.142890073    1.142465415    1.142640470
    1.784234234    1.142459949    1.142036907    1.142211296
    1.789189189    1.142031553    1.141610120    1.141783846
    1.794144144    1.141604879    1.141185046    1.141358112
    1.799099099    1.141179919    1.140761677    1.140934087
    1.804054054    1.140756664    1.140340006    1.140511763
    1.809009009    1.140335108    1.139920026    1.140091134
    1.813963964    1.139915244    1.139501729    1.139672190
    1.818918919    1.139497063    1.139085107    1.139254926
    1.823873874    1.139080559    1.138670155    1.138839334
    1.828828829    1.138665724    1.138256863    1.138425406
    1.833783784    1.138252551    1.137845225    1.138013135
    1.838738739    1.137841031    1.137435234    1.137602514
    1.843693694    1.137431159    1.137026882    1.137193536
    1.848648649    1.137022927    1.136620162    1.136786192
    1.853603604    1.136616327    1.136215066    1.136380476
    1.858558559    1.136211352    1.135811589    1.135976382
    1.863513514    1.135807995    1.135409721    1.135573900
    1.868468468    1.135406249    1.135009457    1.135173025
    1.873423423    1.135006107    1.134610789    1.134773749
    1.878378378    1.134607560    1.134213710    1.134376065
    1.883333333    1.134210604    1.133818212    1.133979966
    1.888288288    1.133815229    1.133424290    1.133585445
    1.893243243    1.133421429    1.133031935    1.133192495
    1.898198198    1.133029198    1.132641141    1.132801108
    1.903153153    1.132638527    1.132251900    1.132411278
    1.908108108    1.132249411    1.131864207    1.132022998
    1.913063063    1.131861841    1.131478053    1.131636261
    1.918018018    1.131475812    1.131093432    1.131251059
    1.922972973    1.131091315    1.130710337    1.130867386
    1.927927928    1.130708345    1.130328761    1.130485236
    1.932882883    1.130326894    1.129948698    1.130104600
    1.937837838    1.129946955    1.129570140    1.129725473
    1.942792793    1.129568523    1.129193081    1.129347848
    1.947747748    1.129191588    1.128817513    1.128971717
    1.952702703    1.128816146    1.128443431    1.128597074
    1.957657658    1.128442189    1.128070827    1.128223912
    1.962612613    1.128069711    1.127699695    1.127852225
    1.967567568    1.127698704    1.127330028    1.127482006
    1.972522523    1.127329163    1.126961819    1.127113248
    1.977477477    1.126961080    1.126595063    1.126745945
    1.982432432    1.126594449    1.126229751    1.126380089
    1.987387387    1.126229263    1.125865878    1.126015675
    1.992342342    1.125865516    1.125503438    1.125652696
    1.997297297    1.125503201    1.125142423    1.125291145
    2.002252252    1.125142311    1.124782827    1.124931016
    2.007207207    1.124782841    1.124424643    1.124572302
    2.012162162    1.124424783    1.124067866    1.124214997
    2.017117117    1.124068131    1.123712489    1.123859094
    2.022072072    1.123712879    1.123358505    1.123504588
    2.027027027    1.123359021    1.123005909    1.123151471
    2.031981982    1.123006549    1.122654693    1.122799737
    2.036936937    1.122655458    1.122304851    1.122449381
    2.041891892    1.122305742    1.121956378    1.122100395
    2.046846847    1.121957393    1.121609267    1.121752774
    2.051801802    1.121610407    1.121263511    1.121406511
    2.056756757    1.121264776    1.120919105    1.121061600
    2.061711712    1.120920494    1.120576042    1.120718034
    2.066666667    1.120577556    1.120234316    1.120375809
    2.071621622    1.120235954    1.119893922    1.120034917
    2.076576577    1.119895683    1.119554852    1.119695352
    2.081531532    1.119556738    1.119217102    1.119357109
    2.086486486    1.119219111    1.118880664    1.119020181
    2.091441441    1.118882796    1.118545533    1.118684562
    2.096396396    1.118547788    1.118211703    1.118350246
    2.101351351    1.118214081    1.117879168    1.118017228
    2.106306306    1.117881669    1.117547922    1.117685501
    2.111261261    1.117550545    1.117217959    1.117355060
    2.116216216    1.117220704    1.116889273    1.117025898
    2.121171171    1.116892141    1.116561858    1.116698010
    2.126126126    1.116564848    1.116235709    1.116371389
    2.131081081    1.116238820    1.115910820    1.116046031
    2.136036036    1.115914052    1.115587185    1.115721928
    2.140990991    1.115590538    1.115264797    1.115399076
    2.145945946    1.115268271    1.114943653    1.115077469
    2.150900901    1.114947247    1.114623745    1.114757101
    2.155855856    1.114627459    1.114305067    1.114437966
    2.160810811    1.114308902    1.113987616    1.114120058
    2.165765766    1.113991569    1.113671384    1.113803373
    2.170720721    1.113675457    1.113356366    1.113487904
    2.175675676    1.113360558    1.113042557    1.113173646
    2.180630631    1.113046868    1.112729951    1.112860593
    2.185585586    1.112734380    1.112418543    1.112548739
    2.190540541    1.112423090    1.112108327    1.112238080
    2.195495495    1.112112991    1.111799297    1.111928610
    2.200450450    1.111804078    1.111491448    1.111620323
    2.205405405    1.111496347    1.111184775    1.111313213
    2.210360360    1.111189790    1.110879272    1.111007276
    2.215315315    1.110884404    1.110574935    1.110702506
    2.220270270    1.110580182    1.110271757    1.110398898
    2.225225225    1.110277120    1.109969733    1.110096446
    2.230180180    1.109975211    1.109668858    1.109795145
    2.235135135    1.109674451    1.109369127    1.109494990
    2.240090090    1.109374835    1.109070534    1.109195975
    2.245045045    1.109076356    1.108773075    1.108898096
    2.250000000    1.108779011    1.108476744    1.108601346
    2.254954955    1.108482793    1.108181535    1.108305722
    2.259909910    1.108187698    1.107887445    1.108011217
    2.264864865    1.107893720    1.107594466    1.107717827
    2.269819820    1.107600854    1.107302596    1.107425546
    2.274774775    1.107309095    1.107011828    1.107134369
    2.279729730    1.107018439    1.106722157    1.106844292
    2.284684685    1.106728879    1.106433579    1.106555310
    2.289639640    1.106440411    1.106146088    1.106267416
    2.294594595    1.106153031    1.105859679    1.105980607
    2.299549550    1.105866732    1.105574348    1.105694877
    2.304504505    1.105581511    1.105290090    1.105410221
    2.309459459    1.105297361    1.105006899    1.105126635
    2.314414414    1.105014279    1.104724770    1.104844114
    2.319369369    1.104732259    1.104443700    1.104562652
    2.324324324    1.104451297    1.104163683    1.104282245
    2.329279279    1.104171387    1.103884713    1.104002888
    2.334234234    1.103892525    1.103606788    1.103724576
    2.339189189    1.103614706    1.103329901    1.103447305
    2.344144144    1.103337925    1.103054048    1.103171070
    2.349099099    1.103062178    1.102779224    1.102895865
    2.354054054    1.102787460    1.102505424    1.102621687
    2.359009009    1.102513765    1.102232645    1.102348530
    2.363963964    1.102241090    1.101960881    1.102076391
    2.368918919    1.101969430    1.101690127    1.101805263
    2.373873874    1.101698780    1.101420379    1.101535144
    2.378828829    1.101429136    1.101151633    1.101266027
    2.383783784    1.101160493    1.100883883    1.100997909
    2.388738739    1.100892845    1.100617126    1.100730785
    2.393693694    1.100626190    1.100351356    1.100464650
    2.398648649    1.100360522    1.100086570    1.100199501
    2.403603604    1.100095837    1.099822763    1.099935332
    2.408558559    1.099832131    1.099559930    1.099672138
    2.413513514    1.099569398    1.099298066    1.099409917
    2.418468468    1.099307635    1.099037169    1.099148662
    2.423423423    1.099046837    1.098777232    1.098888371
    2.428378378    1.098786999    1.098518253    1.098629037
    2.433333333    1.098528118    1.098260226    1.098370658
    2.438288288    1.098270189    1.098003146    1.098113229
    2.443243243    1.098013208    1.097747011    1.097856745
    2.448198198    1.097757170    1.097491816    1.097601202
    2.453153153    1.097502071    1.097237555    1.097346596
    2.458108108    1.097247907    1.096984226    1.097092923
    2.463063063    1.096994674    1.096731823    1.096840178
    2.468018018    1.096742367    1.096480344    1.096588357
    2.472972973    1.096490983    1.096229782    1.096337456
    2.477927928    1.096240516    1.095980136    1.096087472
    2.482882883    1.095990964    1.095731399    1.095838399
    2.487837838    1.095742321    1.095483568    1.095590233
    2.492792793    1.095494583    1.095236640    1.095342971
    2.497747748    1.095247748    1.094990609    1.095096609
    2.502702703    1.095001810    1.094745473    1.094851142
    2.507657658    1.094756765    1.094501226    1.094606566
    2.512612613    1.094512610    1.094257865    1.094362878
    2.517567568    1.094269340    1.094015386    1.094120073
    2.522522523    1.094026952    1.093773785    1.093878147
    2.527477477    1.093785442    1.093533058    1.093637097
    2.532432432    1.093544804    1.093293201    1.093396919
    2.537387387    1.093305037    1.093054210    1.093157608
    2.542342342    1.093066135    1.092816081    1.092919160
    2.547297297    1.092828095    1.092578811    1.092681573
    2.552252252    1.092590913    1.092342395    1.092444841
    2.557207207    1.092354585    1.092106831    1.092208962
    2.562162162    1.092119107    1.091872112    1.091973931
    2.567117117    1.091884476    1.091638238    1.091739744
    2.572072072    1.091650688    1.091405202    1.091506398
    2.577027027    1.091417738    1.091173002    1.091273889
    2.581981982    1.091185623    1.090941634    1.091042213
    2.586936937    1.090954340    1.090711094    1.090811367
    2.591891892    1.090723885    1.090481378    1.090581346
    2.596846847    1.090494254    1.090252484    1.090352148
    2.601801802    1.090265443    1.090024406    1.090123768
    2.606756757    1.090037448    1.089797142    1.089896203
    2.611711712    1.089810267    1.089570687    1.089669449
    2.616666667    1.089583895    1.089345039    1.089443502
    2.621621622    1.089358329    1.089120194    1.089218360
    2.626576577    1.089133565    1.088896147    1.088994018
    2.631531532    1.088909600    1.088672896    1.088770472
    2.636486486    1.088686430    1.088450437    1.088547720
    2.641441441    1.088464052    1.088228767    1.088325758
    2.646396396    1.088242461    1.088007882    1.088104582
    2.651351351    1.088021655    1.087787778    1.087884188
    2.656306306    1.087801630    1.087568452    1.087664574
    2.661261261    1.087582383    1.087349901    1.087445736
    2.666216216    1.087363910    1.087132120    1.087227671
    2.671171171    1.087146208    1.086915108    1.087010374
    2.676126126    1.086929273    1.086698860    1.086793843
    2.681081081    1.086713102    1.086483373    1.086578074
    2.686036036    1.086497691    1.086268644    1.086363064
    2.690990991    1.086283038    1.086054669    1.086148809
    2.695945946    1.086069139    1.085841445    1.085935306
    2.700900901    1.085855990    1.085628968    1.085722553
    2.705855856    1.085643589    1.085417236    1.085510545
    2.710810811    1.085431931    1.085206245    1.085299279
    2.715765766    1.085221014    1.084995992    1.085088752
    2.720720721    1.085010835    1.084786473    1.084878961
    2.725675676    1.084801389    1.084577686    1.084669903
    2.730630631    1.084592675    1.084369627    1.084461573
    2.735585586    1.084384688    1.084162293    1.084253970
    2.740540541    1.084177426    1.083955681    1.084047090
    2.745495495    1.083970885    1.083749787    1.083840930
    2.750450450    1.083765063    1.083544609    1.083635486
    2.755405405    1.083559955    1.083340143    1.083430756
    2.760360360    1.083355560    1.083136386    1.083226736
    2.765315315    1.083151873    1.082933335    1.083023423
    2.770270270    1.082948892    1.082730988    1.082820814
    2.775225225    1.082746614    1.082529340    1.082618907
    2.780180180    1.082545035    1.082328390    1.082417697
    2.785135135    1.082344153    1.082128133    1.082217183
    2.790090090    1.082143964    1.081928567    1.082017360
    2.795045045    1.081944466    1.081729689    1.081818226
    2.800000000    1.081745655    1.081531496    1.081619779
    2.804954955    1.081547529    1.081333985    1.081422014
    2.809909910    1.081350084    1.081137153    1.081224929
    2.814864865    1.081153318    1.080940997    1.081028521
    2.819819820    1.080957228    1.080745513    1.080832788
    2.824774775    1.080761810    1.080550700    1.080637725
    2.829729730    1.080567061    1.080356554    1.080443331
    2.834684685    1.080372980    1.080163073    1.080249603
    2.839639640    1.080179563    1.079970253    1.080056536
    2.844594595    1.079986807    1.079778092    1.079864130
    2.849549550    1.079794708    1.079586586    1.079672380
    2.854504505    1.079603266    1.079395733    1.079481284
    2.859459459    1.079412476    1.079205531    1.079290839
    2.864414414    1.079222335    1.079015976    1.079101043
    2.869369369    1.079032842    1.078827065    1.078911892
    2.874324324    1.078843993    1.078638796    1.078723384
    2.879279279    1.078655785    1.078451166    1.078535516
    2.884234234    1.078468216    1.078264173    1.078348285
    2.889189189    1.078281283    1.078077813    1.078161689
    2.894144144    1.078094983    1.077892083    1.077975724
    2.899099099    1.077909313    1.077706982    1.077790389
    2.904054054    1.077724271    1.077522507    1.077605679
    2.909009009    1.077539854    1.077338654    1.077421594
    2.913963964    1.077356059    1.077155421    1.077238130
    2.918918919    1.077172885    1.076972805    1.077055283
    2.923873874    1.076990327    1.076790804    1.076873053
    2.928828829    1.076808384    1.076609416    1.076691436
    2.933783784    1.076627052    1.076428637    1.076510429
    2.938738739    1.076446330    1.076248465    1.076330030
    2.943693694    1.076266214    1.076068897    1.076150237
    2.948648649    1.076086702    1.075889931    1.075971046
    2.953603604    1.075907792    1.075711564    1.075792455
    2.958558559    1.075729480    1.075533794    1.075614462
    2.963513514    1.075551765    1.075356619    1.075437064
    2.968468468    1.075374644    1.075180034    1.075260258
    2.973423423    1.075198114    1.075004039    1.075084042
    2.978378378    1.075022173    1.074828631    1.074908414
    2.983333333    1.074846818    1.074653806    1.074733371
    2.988288288    1.074672047    1.074479564    1.074558911
    2.993243243    1.074497857    1.074305900    1.074385030
    2.998198198    1.074324246    1.074132813    1.074211727
    3.003153153    1.074151211    1.073960301    1.074038999
    3.008108108    1.073978750    1.073788361    1.073866845
    3.013063063    1.073806861    1.073616990    1.073695260
    3.018018018    1.073635541    1.073446186    1.073524243
    3.022972973    1.073464788    1.073275946    1.073353792
    3.027927928    1.073294600    1.073106269    1.073183904
    3.032882883    1.073124973    1.072937152    1.073014577
    3.037837838    1.072955905    1.072768593    1.072845808
    3.042792793    1.072787396    1.072600589    1.072677596
    3.047747748    1.072619441    1.072433138    1.072509937
    3.052702703    1.072452038    1.072266237    1.072342830
    3.057657658    1.072285186    1.072099885    1.072176271
    3.062612613    1.072118882    1.071934079    1.072010260
    3.067567568    1.071953124    1.071768816    1.071844793
    3.072522523    1.071787909    1.071604095    1.071679868
    3.077477477    1.071623235    1.071439914    1.071515484
    3.082432432    1.071459100    1.071276269    1.071351637
    3.087387387    1.071295502    1.071113159    1.071188325
    3.092342342    1.071132438    1.070950581    1.071025547
    3.097297297    1.070969906    1.070788534    1.070863300
    3.102252252    1.070807904    1.070627014    1.070701582
    3.107207207    1.070646430    1.070466021    1.070540390
    3.112162162    1.070485481    1.070305551    1.070379723
    3.117117117    1.070325056    1.070145603    1.070219579
    3.122072072    1.070165152    1.069986174    1.070059954
    3.127027027    1.070005767    1.069827262    1.069900847
    3.131981982    1.069846899    1.069668866    1.069742256
    3.136936937    1.069688546    1.069510982    1.069584179
    3.141891892    1.069530706    1.069353609    1.069426613
    3.146846847    1.069373376    1.069196745    1.069269557
    3.151801802    1.069216554    1.069040387    1.069113008
    3.156756757    1.069060238    1.068884534    1.068956964
    3.161711712    1.068904427    1.068729183    1.068801424
    3.166666667    1.068749118    1.068574333    1.068646384
    3.171621622    1.068594309    1.068419981    1.068491844
    3.176576577    1.068439998    1.068266125    1.068337800
    3.181531532    1.068286183    1.068112764    1.068184252
    3.186486486    1.068132862    1.067959894    1.068031196
    3.191441441    1.067980032    1.067807515    1.067878631
    3.196396396    1.067827693    1.067655624    1.067726555
    3.201351351    1.067675841    1.067504219    1.067574966
    3.206306306    1.067524476    1.067353298    1.067423862
    3.211261261    1.067373594    1.067202859    1.067273241
    3.216216216    1.067223194    1.067052901    1.067123101
    3.221171171    1.067073274    1.066903421    1.066973439
    3.226126126    1.066923832    1.066754417    1.066824255
    3.231081081    1.066774866    1.066605888    1.066675545
    3.236036036    1.066626374    1.066457831    1.066527309
    3.240990991    1.066478354    1.066310244    1.066379544
    3.245945946    1.066330805    1.066163126    1.066232248
    3.250900901    1.066183724    1.066016475    1.066085419
    3.255855856    1.066037109    1.065870288    1.065939056
    3.260810811    1.065890958    1.065724565    1.065793157
    3.265765766    1.065745271    1.065579302    1.065647719
    3.270720721    1.065600044    1.065434499    1.065502741
    3.275675676    1.065455276    1.065290153    1.065358221
    3.280630631    1.065310965    1.065146262    1.065214157
    3.285585586    1.065167109    1.065002825    1.065070548
    3.290540541    1.065023707    1.064859840    1.064927390
    3.295495495    1.064880756    1.064717305    1.064784684
    3.300450450    1.064738254    1.064575218    1.064642426
    3.305405405    1.064596201    1.064433577    1.064500615
    3.310360360    1.064454594    1.064292380    1.064359249
    3.315315315    1.064313431    1.064151627    1.064218327
    3.320270270    1.064172710    1.064011314    1.064077846
    3.325225225    1.064032430    1.063871441    1.063937805
    3.330180180    1.063892589    1.063732005    1.063798202
    3.335135135    1.063753186    1.063593005    1.063659036
    3.340090090    1.063614217    1.063454439    1.063520304
    3.345045045    1.063475683    1.063316304    1.063382005
    3.350000000    1.063337580    1.063178601    1.063244137
    3.354954955    1.063199908    1.063041326    1.063106698
    3.359909910    1.063062664    1.062904478    1.062969687
    3.364864865    1.062925847    1.062768056    1.062833101
    3.369819820    1.062789455    1.062632057    1.062696941
    3.374774775    1.062653486    1.062496480    1.062561202
    3.379729730    1.062517939    1.062361323    1.062425885
    3.384684685    1.062382812    1.062226585    1.062290986
    3.389639640    1.062248104    1.062092264    1.062156505
    3.394594595    1.062113812    1.061958358    1.062022440
    3.399549550    1.061979935    1.061824866    1.061888790
    3.404504505    1.061846471    1.061691786    1.061755551
    3.409459459    1.061713420    1.061559116    1.061622724
    3.414414414    1.061580778    1.061426854    1.061490306
    3.419369369    1.061448545    1.061295000    1.061358296
    3.424324324    1.061316719    1.061163552    1.061226691
    3.429279279    1.061185298    1.061032507    1.061095492
    3.434234234    1.061054280    1.060901865    1.060964695
    3.439189189    1.060923665    1.060771623    1.060834299
    3.444144144    1.060793450    1.060641781    1.060704303
    3.449099099    1.060663635    1.060512336    1.060574705
    3.454054054    1.060534216    1.060383287    1.060445504
    3.459009009    1.060405193    1.060254632    1.060316698
    3.463963964    1.060276565    1.060126371    1.060188285
    3.468918919    1.060148329    1.059998501    1.060060264
    3.473873874    1.060020484    1.059871020    1.059932633
    3.478828829    1.059893029    1.059743928    1.059805392
    3.483783784    1.059765962    1.059617223    1.059678537
    3.488738739    1.059639282    1.059490903    1.059552069
    3.493693694    1.059512986    1.059364966    1.059425984
    3.498648649    1.059387075    1.059239412    1.059300283
    3.503603604    1.059261545    1.059114239    1.059174962
    3.508558559    1.059136395    1.058989445    1.059050022
    3.513513514    1.059011625    1.058865029    1.058925460
    3.518468468    1.058887232    1.058740989    1.058801274
    3.523423423    1.058763216    1.058617324    1.058677465
    3.528378378    1.058639574    1.058494032    1.058554029
    3.533333333    1.058516305    1.058371112    1.058430965
    3.538288288    1.058393408    1.058248563    1.058308272
    3.543243243    1.058270882    1.058126383    1.058185949
    3.548198198    1.058148724    1.058004571    1.058063995
    3.553153153    1.058026934    1.057883124    1.057942407
    3.558108108    1.057905509    1.057762043    1.057821184
    3.563063063    1.057784450    1.057641325    1.057700325
    3.568018018    1.057663753    1.057520969    1.057579828
    3.572972973    1.057543418    1.057400973    1.057459693
    3.577927928    1.057423444    1.057281337    1.057339917
    3.582882883    1.057303828    1.057162059    1.057220500
    3.587837838    1.057184571    1.057043137    1.057101440
    3.592792793    1.057065669    1.056924570    1.056982735
    3.597747748    1.056947123    1.056806356    1.056864384
    3.602702703    1.056828929    1.056688496    1.056746386
    3.607657658    1.056711088    1.056570986    1.056628740
    3.612612613    1.056593598    1.056453825    1.056511444
    3.617567568    1.056476457    1.056337013    1.056394496
    3.622522523    1.056359665    1.056220548    1.056277896
    3.627477477    1.056243219    1.056104429    1.056161642
    3.632432432    1.056127119    1.055988654    1.056045733
    3.637387387    1.056011362    1.055873222    1.055930167
    3.642342342    1.055895949    1.055758132    1.055814944
    3.647297297    1.055780877    1.055643382    1.055700061
    3.652252252    1.055666145    1.055528971    1.055585518
    3.657207207    1.055551752    1.055414898    1.055471313
    3.662162162    1.055437697    1.055301161    1.055357445
    3.667117117    1.055323978    1.055187760    1.055243913
    3.672072072    1.055210594    1.055074692    1.055130715
    3.677027027    1.055097544    1.054961958    1.055017850
    3.681981982    1.054984827    1.054849555    1.054905317
    3.686936937    1.054872440    1.054737482    1.054793115
    3.691891892    1.054760384    1.054625737    1.054681243
    3.696846847    1.054648657    1.054514321    1.054569698
    3.701801802    1.054537257    1.054403231    1.054458480
    3.706756757    1.054426183    1.054292466    1.054347588
    3.711711712    1.054315434    1.054182025    1.054237020
    3.716666667    1.054205009    1.054071907    1.054126776
    3.721621622    1.054094907    1.053962111    1.054016853
    3.726576577    1.053985126    1.053852635    1.053907251
    3.731531532    1.053875665    1.053743478    1.053797969
    3.736486486    1.053766523    1.053634639    1.053689005
    3.741441441    1.053657699    1.053526116    1.053580358
    3.746396396    1.053549192    1.053417910    1.053472028
    3.751351351    1.053440999    1.053310017    1.053364012
    3.756306306    1.053333121    1.053202438    1.053256309
    3.761261261    1.053225557    1.053095171    1.053148919
    3.766216216    1.053118303    1.052988214    1.053041841
    3.771171171    1.053011361    1.052881567    1.052935072
    3.776126126    1.052904728    1.052775229    1.052828612
    3.781081081    1.052798404    1.052669198    1.052722460
    3.786036036    1.052692386    1.052563474    1.052616615
    3.790990991    1.052586675    1.052458054    1.052511075
    3.795945946    1.052481269    1.052352938    1.052405840
    3.800900901    1.052376166    1.052248126    1.052300907
    3.805855856    1.052271366    1.052143615    1.052196277
    3.810810811    1.052166868    1.052039404    1.052091948
    3.815765766    1.052062670    1.051935493    1.051987919
    3.820720721    1.051958771    1.051831880    1.051884188
    3.825675676    1.051855171    1.051728565    1.051780755
    3.830630631    1.051751867    1.051625545    1.051677619
    3.835585586    1.051648860    1.051522821    1.051574778
    3.840540541    1.051546147    1.051420391    1.051472231
    3.845495495    1.051443728    1.051318253    1.051369977
    3.850450450    1.051341602    1.051216407    1.051268016
    3.855405405    1.051239768    1.051114852    1.051166346
    3.860360360    1.051138224    1.051013587    1.051064966
    3.865315315    1.051036970    1.050912610    1.050963875
    3.870270270    1.050936004    1.050811921    1.050863071
    3.875225225    1.050835325    1.050711518    1.050762555
    3.880180180    1.050734933    1.050611400    1.050662324
    3.885135135    1.050634826    1.050511567    1.050562378
    3.890090090    1.050535003    1.050412017    1.050462715
    3.895045045    1.050435463    1.050312750    1.050363336
    3.900000000    1.050336206    1.050213763    1.050264237
    3.904954955    1.050237229    1.050115057    1.050165420
    3.909909910    1.050138533    1.050016630    1.050066882
    3.914864865    1.050040115    1.049918481    1.049968622
    3.919819820    1.049941976    1.049820609    1.049870640
    3.924774775    1.049844113    1.049723014    1.049772934
    3.929729730    1.049746527    1.049625693    1.049675504
    3.934684685    1.049649216    1.049528647    1.049578349
    3.939639640    1.049552178    1.049431874    1.049481466
    3.944594595    1.049455414    1.049335373    1.049384857
    3.949549550    1.049358921    1.049239143    1.049288519
    3.954504505    1.049262700    1.049143183    1.049192451
    3.959459459    1.049166748    1.049047492    1.049096653
    3.964414414    1.049071066    1.048952070    1.049001123
    3.969369369    1.048975651    1.048856914    1.048905861
    3.974324324    1.048880504    1.048762025    1.048810866
    3.979279279    1.048785623    1.048667402    1.048716136
    3.984234234    1.048691007    1.048573042    1.048621671
    3.989189189    1.048596655    1.048478946    1.048527469
    3.994144144    1.048502567    1.048385113    1.048433531
    3.999099099    1.048408740    1.048291541    1.048339854
    4.004054054    1.048315175    1.048198229    1.048246438
    4.009009009    1.048221871    1.048105177    1.048153282
    4.013963964    1.048128826    1.048012384    1.048060385
    4.018918919    1.048036040    1.047919849    1.047967746
    4.023873874    1.047943511    1.047827570    1.047875364
    4.028828829    1.047851239    1.047735547    1.047783238
    4.033783784    1.047759222    1.047643779    1.047691368
    4.038738739    1.047667461    1.047552265    1.047599752
    4.043693694    1.047575953    1.047461005    1.047508390
    4.048648649    1.047484698    1.047369996    1.047417280
    4.053603604    1.047393696    1.047279239    1.047326421
    4.058558559    1.047302945    1.047188733    1.047235814
    4.063513514    1.047212444    1.047098476    1.047145456
    4.068468468    1.047122192    1.047008467    1.047055348
    4.073423423    1.047032189    1.046918707    1.046965487
    4.078378378    1.046942434    1.046829193    1.046875874
    4.083333333    1.046852926    1.046739925    1.046786507
    4.088288288    1.046763663    1.046650902    1.046697385
    4.093243243    1.046674645    1.046562124    1.046608508
    4.098198198    1.046585872    1.046473589    1.046519875
    4.103153153    1.046497342    1.046385297    1.046431485
    4.108108108    1.046409054    1.046297246    1.046343336
    4.113063063    1.046321008    1.046209436    1.046255429
    4.118018018    1.046233202    1.046121866    1.046167762
    4.122972973    1.046145637    1.046034535    1.046080334
    4.127927928    1.046058310    1.045947443    1.045993145
    4.132882883    1.045971222    1.045860588    1.045906194
    4.137837838    1.045884370    1.045773969    1.045819480
    4.142792793    1.045797756    1.045687586    1.045733001
    4.147747748    1.045711377    1.045601439    1.045646758
    4.152702703    1.045625233    1.045515525    1.045560749
    4.157657658    1.045539322    1.045429844    1.045474974
    4.162612613    1.045453645    1.045344396    1.045389432
    4.167567568    1.045368201    1.045259180    1.045304121
    4.172522523    1.045282987    1.045174194    1.045219042
    4.177477477    1.045198005    1.045089439    1.045134193
    4.182432432    1.045113253    1.045004913    1.045049573
    4.187387387    1.045028729    1.044920615    1.044965182
    4.192342342    1.044944434    1.044836544    1.044881020
    4.197297297    1.044860366    1.044752701    1.044797084
    4.202252252    1.044776526    1.044669084    1.044713374
    4.207207207    1.044692911    1.044585691    1.044629890
    4.212162162    1.044609521    1.044502524    1.044546631
    4.217117117    1.044526355    1.044419579    1.044463595
    4.222072072    1.044443413    1.044336858    1.044380783
    4.227027027    1.044360694    1.044254359    1.044298193
    4.231981982    1.044278197    1.044172081    1.044215825
    4.236936937    1.044195921    1.044090024    1.044133678
    4.241891892    1.044113866    1.044008187    1.044051751
    4.246846847    1.044032030    1.043926569    1.043970043
    4.251801802    1.043950414    1.043845168    1.043888553
    4.256756757    1.043869015    1.043763986    1.043807282
    4.261711712    1.043787834    1.043683020    1.043726227
    4.266666667    1.043706869    1.043602270    1.043645389
    4.271621622    1.043626121    1.043521736    1.043564766
    4.276576577    1.043545588    1.043441416    1.043484358
    4.281531532    1.043465269    1.043361310    1.043404165
    4.286486486    1.043385163    1.043281417    1.043324184
    4.291441441    1.043305271    1.043201736    1.043244416
    4.296396396    1.043225591    1.043122267    1.043164860
    4.301351351    1.043146123    1.043043009    1.043085515
    4.306306306    1.043066865    1.042963960    1.043006380
    4.311261261    1.042987817    1.042885122    1.042927456
    4.316216216    1.042908979    1.042806492    1.042848740
    4.321171171    1.042830349    1.042728069    1.042770232
    4.326126126    1.042751927    1.042649855    1.042691932
    4.331081081    1.042673713    1.042571846    1.042613838
    4.336036036    1.042595704    1.042494044    1.042535951
    4.340990991    1.042517902    1.042416447    1.042458269
    4.345945946    1.042440304    1.042339054    1.042380792
    4.350900901    1.042362911    1.042261865    1.042303519
    4.355855856    1.042285722    1.042184879    1.042226449
    4.360810811    1.042208736    1.042108095    1.042149582
    4.365765766    1.042131952    1.042031513    1.042072917
    4.370720721    1.042055369    1.041955132    1.041996453
    4.375675676    1.041978987    1.041878952    1.041920189
    4.380630631    1.041902806    1.041802970    1.041844125
    4.385585586    1.041826824    1.041727188    1.041768261
    4.390540541    1.041751041    1.041651605    1.041692595
    4.395495495    1.041675456    1.041576218    1.041617127
    4.400450450    1.041600069    1.041501029    1.041541856
    4.405405405    1.041524878    1.041426036    1.041466781
    4.410360360    1.041449884    1.041351238    1.041391903
    4.415315315    1.041375085    1.041276636    1.041317219
    4.420270270    1.041300481    1.041202227    1.041242730
    4.425225225    1.041226072    1.041128013    1.041168435
    4.430180180    1.041151855    1.041053991    1.041094333
    4.435135135    1.041077832    1.040980162    1.041020424
    4.440090090    1.041004001    1.040906524    1.040946707
    4.445045045    1.040930361    1.040833077    1.040873181
    4.450000000    1.040856913    1.040759821    1.040799845
    4.454954955    1.040783655    1.040686754    1.040726699
    4.459909910    1.040710586    1.040613877    1.040653743
    4.464864865    1.040637706    1.040541188    1.040580976
    4.469819820    1.040565015    1.040468687    1.040508396
    4.474774775    1.040492512    1.040396373    1.040436004
    4.479729730    1.040420196    1.040324245    1.040363799
    4.484684685    1.040348066    1.040252304    1.040291780
    4.489639640    1.040276122    1.040180548    1.040219946
    4.494594595    1.040204363    1.040108977    1.040148298
    4.499549550    1.040132789    1.040037589    1.040076833
    4.504504505    1.040061399    1.039966386    1.040005553
    4.509459459    1.039990193    1.039895365    1.039934455
    4.514414414    1.039919169    1.039824526    1.039863540
    4.519369369    1.039848328    1.039753869    1.039792807
    4.524324324    1.039777668    1.039683393    1.039722256
    4.529279279    1.039707189    1.039613097    1.039651884
    4.534234234    1.039636890    1.039542982    1.039581693
    4.539189189    1.039566771    1.039473045    1.039511682
    4.544144144    1.039496832    1.039403288    1.039441849
    4.549099099    1.039427071    1.039333708    1.039372195
    4.554054054    1.039357488    1.039264306    1.039302718
    4.559009009    1.039288082    1.039195081    1.039233418
    4.563963964    1.039218853    1.039126032    1.039164295
    4.568918919    1.039149801    1.039057158    1.039095348
    4.573873874    1.039080924    1.038988460    1.039026576
    4.578828829    1.039012222    1.038919937    1.038957979
    4.583783784    1.038943694    1.038851587    1.038889556
    4.588738739    1.038875341    1.038783411    1.038821307
    4.593693694    1.038807161    1.038715408    1.038753231
    4.598648649    1.038739154    1.038647577    1.038685327
    4.603603604    1.038671319    1.038579917    1.038617595
    4.608558559    1.038603655    1.038512429    1.038550035
    4.613513514    1.038536163    1.038445112    1.038482645
    4.618468468    1.038468841    1.038377964    1.038415426
    4.623423423    1.038401689    1.038310986    1.038348376
    4.628378378    1.038334707    1.038244177    1.038281496
    4.633333333    1.038267893    1.038177536    1.038214784
    4.638288288    1.038201248    1.038111063    1.038148240
    4.643243243    1.038134770    1.038044757    1.038081863
    4.648198198    1.038068460    1.037978618    1.038015653
    4.653153153    1.038002316    1.037912645    1.037949610
    4.658108108    1.037936339    1.037846838    1.037883733
    4.663063063    1.037870527    1.037781196    1.037818021
    4.668018018    1.037804880    1.037715718    1.037752473
    4.672972973    1.037739397    1.037650405    1.037687090
    4.677927928    1.037674079    1.037585255    1.037621871
    4.682882883    1.037608924    1.037520268    1.037556814
    4.687837838    1.037543932    1.037455443    1.037491920
    4.692792793    1.037479102    1.037390780    1.037427189
    4.697747748    1.037414434    1.037326279    1.037362619
    4.702702703    1.037349927    1.037261938    1.037298210
    4.707657658    1.037285581    1.037197758    1.037233961
    4.712612613    1.037221396    1.037133738    1.037169873
    4.717567568    1.037157370    1.037069876    1.037105944
    4.722522523    1.037093503    1.037006174    1.037042174
    4.727477477    1.037029795    1.036942630    1.036978562
    4.732432432    1.036966246    1.036879244    1.036915108
    4.737387387    1.036902854    1.036816015    1.036851812
    4.742342342    1.036839619    1.036752942    1.036788673
    4.747297297    1.036776541    1.036690026    1.036725690
    4.752252252    1.036713619    1.036627266    1.036662863
    4.757207207    1.036650853    1.036564661    1.036600192
    4.762162162    1.036588242    1.036502210    1.036537675
    4.767117117    1.036525786    1.036439914    1.036475313
    4.772072072    1.036463484    1.036377772    1.036413105
    4.777027027    1.036401335    1.036315783    1.036351050
    4.781981982    1.036339340    1.036253946    1.036289148
    4.786936937    1.036277497    1.036192262    1.036227399
    4.791891892    1.036215807    1.036130730    1.036165801
    4.796846847    1.036154269    1.036069349    1.036104355
    4.801801802    1.036092881    1.036008119    1.036043060
    4.806756757    1.036031645    1.035947039    1.035981916
    4.811711712    1.035970558    1.035886109    1.035920921
    4.816666667    1.035909622    1.035825328    1.035860077
    4.821621622    1.035848835    1.035764697    1.035799381
    4.826576577    1.035788197    1.035704213    1.035738834
    4.831531532    1.035727707    1.035643878    1.035678435
    4.836486486    1.035667365    1.035583690    1.035618183
    4.841441441    1.035607170    1.035523650    1.035558079
    4.846396396    1.035547123    1.035463755    1.035498122
    4.851351351    1.035487222    1.035404007    1.035438311
    4.856306306    1.035427467    1.035344405    1.035378645
    4.861261261    1.035367857    1.035284947    1.035319125
    4.866216216    1.035308393    1.035225635    1.035259750
    4.871171171    1.035249073    1.035166466    1.035200519
    4.876126126    1.035189898    1.035107442    1.035141433
    4.881081081    1.035130866    1.035048561    1.035082489
    4.886036036    1.035071978    1.034989822    1.035023689
    4.890990991    1.035013233    1.034931226    1.034965032
    4.895945946    1.034954629    1.034872772    1.034906516
    4.900900901    1.034896168    1.034814460    1.034848142
    4.905855856    1.034837849    1.034756289    1.034789910
    4.910810811    1.034779670    1.034698258    1.034731818
    4.915765766    1.034721632    1.034640368    1.034673867
    4.920720721    1.034663734    1.034582617    1.034616056
    4.925675676    1.034605976    1.034525006    1.034558384
    4.930630631    1.034548357    1.034467533    1.034500851
    4.935585586    1.034490877    1.034410199    1.034443457
    4.940540541    1.034433536    1.034353004    1.034386201
    4.945495495    1.034376332    1.034295945    1.034329083
    4.950450450    1.034319266    1.034239024    1.034272102
    4.955405405    1.034262338    1.034182240    1.034215258
    4.960360360    1.034205545    1.034125592    1.034158551
    4.965315315    1.034148890    1.034069080    1.034101979
    4.970270270    1.034092369    1.034012703    1.034045544
    4.975225225    1.034035985    1.033956461    1.033989243
    4.980180180    1.033979735    1.033900354    1.033933077
    4.985135135    1.033923620    1.033844381    1.033877046
    4.990090090    1.033867639    1.033788542    1.033821148
    4.995045045    1.033811792    1.033732837    1.033765384
    5.000000000    1.033756079    1.033677264    1.033709753
