# energy grid [eV]     epsi_x  epsi_y  epsi_z
#
    0.000000000    0.000000000    0.000000000    0.000000000
    0.020040080    0.000868927    0.000868927    0.000183379
    0.040080160    0.001738400    0.001738400    0.000366805
    0.060120240    0.002608967    0.002608967    0.000550325
    0.080160321    0.003481177    0.003481177    0.000733986
    0.100200401    0.004355582    0.004355582    0.000917836
    0.120240481    0.005232741    0.005232741    0.001101922
    0.140280561    0.006113214    0.006113214    0.001286292
    0.160320641    0.006997571    0.006997571    0.001470993
    0.180360721    0.007886389    0.007886389    0.001656075
    0.200400802    0.008780254    0.008780254    0.001841584
    0.220440882    0.009679761    0.009679761    0.002027571
    0.240480962    0.010585518    0.010585518    0.002214085
    0.260521042    0.011498145    0.011498145    0.002401174
    0.280561122    0.012418276    0.012418276    0.002588890
    0.300601202    0.013346561    0.013346561    0.002777284
    0.320641283    0.014283668    0.014283668    0.002966406
    0.340681363    0.015230282    0.015230282    0.003156308
    0.360721443    0.016187110    0.016187110    0.003347044
    0.380761523    0.017154881    0.017154881    0.003538667
    0.400801603    0.018134347    0.018134347    0.003731231
    0.420841683    0.019126289    0.019126289    0.003924791
    0.440881764    0.020131514    0.020131514    0.004119403
    0.460921844    0.021150861    0.021150861    0.004315124
    0.480961924    0.022185201    0.022185201    0.004512012
    0.501002004    0.023235442    0.023235442    0.004710127
    0.521042084    0.024302531    0.024302531    0.004909527
    0.541082164    0.025387457    0.025387457    0.005110275
    0.561122244    0.026491253    0.026491253    0.005312433
    0.581162325    0.027615003    0.027615003    0.005516066
    0.601202405    0.028759841    0.028759841    0.005721238
    0.621242485    0.029926961    0.029926961    0.005928016
    0.641282565    0.031117617    0.031117617    0.006136470
    0.661322645    0.032333131    0.032333131    0.006346669
    0.681362725    0.033574897    0.033574896    0.006558685
    0.701402806    0.034844386    0.034844386    0.006772592
    0.721442886    0.036143156    0.036143156    0.006988466
    0.741482966    0.037472858    0.037472858    0.007206383
    0.761523046    0.038835242    0.038835241    0.007426425
    0.781563126    0.040232166    0.040232166    0.007648673
    0.801603206    0.041665611    0.041665611    0.007873212
    0.821643287    0.043137686    0.043137686    0.008100128
    0.841683367    0.044650641    0.044650641    0.008329511
    0.861723447    0.046206884    0.046206883    0.008561454
    0.881763527    0.047808991    0.047808991    0.008796051
    0.901803607    0.049459729    0.049459729    0.009033402
    0.921843687    0.051162067    0.051162067    0.009273606
    0.941883768    0.052919205    0.052919205    0.009516770
    0.961923848    0.054734592    0.054734592    0.009763002
    0.981963928    0.056611954    0.056611954    0.010012413
    1.002004008    0.058555328    0.058555328    0.010265120
    1.022044088    0.060569092    0.060569092    0.010521242
    1.042084168    0.062658007    0.062658007    0.010780906
    1.062124248    0.064827261    0.064827261    0.011044238
    1.082164329    0.067082521    0.067082521    0.011311374
    1.102204409    0.069429993    0.069429992    0.011582452
    1.122244489    0.071876488    0.071876488    0.011857618
    1.142284569    0.074429507    0.074429507    0.012137020
    1.162324649    0.077097328    0.077097328    0.012420816
    1.182364729    0.079889117    0.079889117    0.012709167
    1.202404810    0.082815057    0.082815057    0.013002244
    1.222444890    0.085886495    0.085886494    0.013300221
    1.242484970    0.089116121    0.089116121    0.013603283
    1.262525050    0.092518183    0.092518183    0.013911622
    1.282565130    0.096108739    0.096108738    0.014225438
    1.302605210    0.099905962    0.099905961    0.014544940
    1.322645291    0.103930518    0.103930517    0.014870346
    1.342685371    0.108206014    0.108206014    0.015201885
    1.362725451    0.112759562    0.112759561    0.015539797
    1.382765531    0.117622465    0.117622465    0.015884331
    1.402805611    0.122831085    0.122831085    0.016235750
    1.422845691    0.128427928    0.128427927    0.016594330
    1.442885772    0.134463022    0.134463021    0.016960361
    1.462925852    0.140995692    0.140995691    0.017334144
    1.482965932    0.148096849    0.148096848    0.017716001
    1.503006012    0.155851998    0.155851997    0.018106266
    1.523046092    0.164365220    0.164365219    0.018505293
    1.543086172    0.173764521    0.173764519    0.018913454
    1.563126253    0.184209115    0.184209113    0.019331143
    1.583166333    0.195899474    0.195899473    0.019758773
    1.603206413    0.209091425    0.209091423    0.020196782
    1.623246493    0.224116204    0.224116202    0.020645633
    1.643286573    0.241409460    0.241409458    0.021105815
    1.663326653    0.261553752    0.261553749    0.021577848
    1.683366733    0.285341468    0.285341465    0.022062280
    1.703406814    0.313868085    0.313868081    0.022559695
    1.723446894    0.348667843    0.348667838    0.023070712
    1.743486974    0.391898116    0.391898110    0.023595990
    1.763527054    0.446539199    0.446539192    0.024136229
    1.783567134    0.516421934    0.516421925    0.024692177
    1.803607214    0.605437935    0.605437924    0.025264630
    1.823647295    0.714457549    0.714457535    0.025854439
    1.843687375    0.835280155    0.835280139    0.026462514
    1.863727455    0.950019799    0.950019781    0.027089826
    1.883767535    1.051799320    1.051799302    0.027737422
    1.903807615    1.164747552    1.164747535    0.028406419
    1.923847695    1.324408360    1.324408343    0.029098022
    1.943887776    1.545064539    1.545064523    0.029813526
    1.963927856    1.793196457    1.793196440    0.030554327
    1.983967936    1.970438026    1.970438010    0.031321932
    2.004008016    1.973012941    1.973012925    0.032117969
    2.024048096    1.814747135    1.814747121    0.032944203
    2.044088176    1.609203144    1.609203133    0.033802547
    2.064128257    1.447038950    1.447038941    0.034695080
    2.084168337    1.361217889    1.361217882    0.035624066
    2.104208417    1.354619672    1.354619666    0.036591974
    2.124248497    1.419272366    1.419272360    0.037601501
    2.144288577    1.535349999    1.535349994    0.038655603
    2.164328657    1.666020890    1.666020886    0.039757523
    2.184368737    1.779128512    1.779128510    0.040910830
    2.204408818    1.879000739    1.879000739    0.042119459
    2.224448898    1.979804498    1.979804501    0.043387760
    2.244488978    2.070259458    2.070259465    0.044720558
    2.264529058    2.131637715    2.131637728    0.046123214
    2.284569138    2.138441138    2.138441154    0.047601705
    2.304609218    2.062347347    2.062347361    0.049162718
    2.324649299    1.929651660    1.929651670    0.050813755
    2.344689379    1.811316400    1.811316404    0.052563264
    2.364729459    1.757948418    1.757948415    0.054420793
    2.384769539    1.782922751    1.782922741    0.056397175
    2.404809619    1.870867632    1.870867616    0.058504754
    2.424849699    1.978707507    1.978707487    0.060757654
    2.444889780    2.055939715    2.055939693    0.063172119
    2.464929860    2.099605371    2.099605350    0.065766922
    2.484969940    2.161868555    2.161868537    0.068563877
    2.505010020    2.294263408    2.294263392    0.071588480
    2.525050100    2.515275797    2.515275784    0.074870720
    2.545090180    2.805863018    2.805863005    0.078446110
    2.565130261    3.118863949    3.118863938    0.082357009
    2.585170341    3.418866338    3.418866330    0.086654350
    2.605210421    3.704792424    3.704792420    0.091399902
    2.625250501    3.999335535    3.999335534    0.096669277
    2.645290581    4.368495584    4.368495582    0.102555984
    2.665330661    4.900941202    4.900941196    0.109176957
    2.685370741    5.644273631    5.644273618    0.116680205
    2.705410822    6.587235346    6.587235322    0.125255566
    2.725450902    7.668456242    7.668456204    0.135150043
    2.745490982    8.769189394    8.769189343    0.146690034
    2.765531062    9.716637900    9.716637838    0.160314004
    2.785571142   10.347766512   10.347766440    0.176621056
    2.805611222   10.632402664   10.632402582    0.196443481
    2.825651303   10.671359053   10.671358962    0.220953971
    2.845691383   10.558357261   10.558357166    0.251816866
    2.865731463   10.289970138   10.289970046    0.291372185
    2.885771543    9.809314530    9.809314447    0.342750031
    2.905811623    9.138251572    9.138251502    0.409513174
    2.925851703    8.389766062    8.389766003    0.493725568
    2.945891784    7.687974173    7.687974120    0.590959889
    2.965931864    7.115582544    7.115582491    0.685363209
    2.985971944    6.661767982    6.661767926    0.758890683
    3.006012024    6.257698828    6.257698772    0.812973284
    3.026052104    5.868826491    5.868826436    0.866376724
    3.046092184    5.522096213    5.522096160    0.936396789
    3.066132265    5.255629012    5.255628960    1.028902093
    3.086172345    5.099434440    5.099434386    1.129352206
    3.106212425    5.096786374    5.096786316    1.207293551
    3.126252505    5.266833472    5.266833411    1.238026022
    3.146292585    5.569797937    5.569797874    1.221450727
    3.166332665    5.919105472    5.919105412    1.180087603
    3.186372745    6.195485324    6.195485274    1.137702131
    3.206412826    6.289128518    6.289128483    1.107338814
    3.226452906    6.164936877    6.164936858    1.101372454
    3.246492986    5.872633504    5.872633495    1.129597510
    3.266533066    5.488403440    5.488403429    1.186919773
    3.286573146    5.073426381    5.073426362    1.261034156
    3.306613226    4.680966934    4.680966905    1.343786498
    3.326653307    4.355590006    4.355589971    1.417967337
    3.346693387    4.105827296    4.105827262    1.454430938
    3.366733467    3.909000270    3.909000240    1.442873691
    3.386773547    3.741051309    3.741051284    1.399283603
    3.406813627    3.590690139    3.590690120    1.350231756
    3.426853707    3.454164916    3.454164902    1.324348757
    3.446893788    3.331849875    3.331849867    1.332292614
    3.466933868    3.230880848    3.230880846    1.359151963
    3.486973948    3.166752113    3.166752119    1.382186141
    3.507014028    3.153913352    3.153913365    1.386551701
    3.527054108    3.180344501    3.180344523    1.369483453
    3.547094188    3.205857351    3.205857381    1.340619360
    3.567134269    3.204921505    3.204921544    1.319125658
    3.587174349    3.196529425    3.196529474    1.328618772
    3.607214429    3.215611989    3.215612049    1.379521652
    3.627254509    3.281439630    3.281439696    1.455222435
    3.647294589    3.395178830    3.395178896    1.525527162
    3.667334669    3.522626819    3.522626879    1.575739179
    3.687374749    3.581286910    3.581286960    1.615421698
    3.707414830    3.515571489    3.515571525    1.653111053
    3.727454910    3.384923305    3.384923329    1.673522909
    3.747494990    3.291189043    3.291189057    1.660515122
    3.767535070    3.263359116    3.263359127    1.622847134
    3.787575150    3.244018269    3.244018283    1.584179786
    3.807615230    3.158719933    3.158719951    1.566225203
    3.827655311    3.000425042    3.000425063    1.573414860
    3.847695391    2.828549986    2.828550004    1.593210613
    3.867735471    2.701767004    2.701767016    1.612181256
    3.887775551    2.634098687    2.634098693    1.624351594
    3.907815631    2.609080212    2.609080215    1.628486161
    3.927855711    2.621149187    2.621149190    1.623138842
    3.947895792    2.679502862    2.679502868    1.611514608
    3.967935872    2.768916456    2.768916465    1.599556897
    3.987975952    2.833394097    2.833394108    1.585942084
    4.008016032    2.816199921    2.816199932    1.565847941
    4.028056112    2.719248066    2.719248075    1.547014618
    4.048096192    2.592158897    2.592158906    1.542383086
    4.068136273    2.469662897    2.469662904    1.547964041
    4.088176353    2.353563421    2.353563426    1.547338916
    4.108216433    2.230126071    2.230126073    1.532319804
    4.128256513    2.096419064    2.096419063    1.508758835
    4.148296593    1.970682735    1.970682731    1.486021904
    4.168336673    1.874491994    1.874491987    1.467206939
    4.188376754    1.827334915    1.827334906    1.446017478
    4.208416834    1.846901139    1.846901127    1.404475369
    4.228456914    1.941857026    1.941857011    1.325618607
    4.248496994    2.104509733    2.104509716    1.220793180
    4.268537074    2.307792186    2.307792168    1.120809819
    4.288577154    2.516612465    2.516612450    1.043622202
    4.308617234    2.714041571    2.714041558    0.987797983
    4.328657315    2.905291768    2.905291756    0.945504545
    4.348697395    3.099527527    3.099527512    0.911340353
    4.368737475    3.299748833    3.299748814    0.885232827
    4.388777555    3.493119602    3.493119581    0.872270584
    4.408817635    3.663443662    3.663443641    0.876111552
    4.428857715    3.796601197    3.796601181    0.892214550
    4.448897796    3.862275150    3.862275140    0.910538646
    4.468937876    3.836141372    3.836141373    0.923433217
    4.488977956    3.737597677    3.737597693    0.931187027
    4.509018036    3.597324890    3.597324920    0.942286419
    4.529058116    3.425145259    3.425145300    0.965911213
    4.549098196    3.238323831    3.238323880    1.006509445
    4.569138277    3.074171484    3.074171537    1.066204359
    4.589178357    2.959712531    2.959712587    1.144324954
    4.609218437    2.886619374    2.886619433    1.237052752
    4.629258517    2.834740987    2.834741046    1.342345613
    4.649298597    2.801646315    2.801646372    1.455602650
    4.669338677    2.780941786    2.780941840    1.564802488
    4.689378758    2.746110263    2.746110316    1.656301250
    4.709418838    2.695068822    2.695068873    1.724601214
    4.729458918    2.661528486    2.661528535    1.774755185
    4.749498998    2.671504372    2.671504420    1.806103784
    4.769539078    2.726692353    2.726692403    1.816797428
    4.789579158    2.809863890    2.809863941    1.823741574
    4.809619238    2.885818531    2.885818579    1.844518297
    4.829659319    2.918599045    2.918599082    1.873811536
    4.849699399    2.900960885    2.900960907    1.897344215
    4.869739479    2.855327615    2.855327628    1.912965032
    4.889779559    2.809643907    2.809643918    1.925338574
    4.909819639    2.777090775    2.777090786    1.940245421
    4.929859719    2.758561879    2.758561889    1.970029596
    4.949899800    2.743974342    2.743974351    2.027291686
    4.969939880    2.704992848    2.704992857    2.121571487
    4.989979960    2.620674124    2.620674133    2.253970550
    5.010020040    2.508007919    2.508007928    2.409416823
    5.030060120    2.415779858    2.415779870    2.563188626
    5.050100200    2.389411925    2.389411940    2.689870829
    5.070140281    2.442213869    2.442213886    2.781568346
    5.090180361    2.552027460    2.552027476    2.855922535
    5.110220441    2.684112042    2.684112051    2.936467552
    5.130260521    2.814280800    2.814280800    3.049555025
    5.150300601    2.916643205    2.916643196    3.228137550
    5.170340681    2.959518166    2.959518150    3.481281246
    5.190380762    2.932771763    2.932771742    3.770622270
    5.210420842    2.857147094    2.857147071    4.037071503
    5.230460922    2.769820496    2.769820472    4.236201855
    5.250501002    2.707141734    2.707141711    4.353981571
    5.270541082    2.681265983    2.681265964    4.408828956
    5.290581162    2.664599544    2.664599532    4.439003544
    5.310621242    2.617333239    2.617333234    4.475529536
    5.330661323    2.529420545    2.529420544    4.521942673
    5.350701403    2.420775276    2.420775276    4.561536562
    5.370741483    2.303725435    2.303725435    4.578200702
    5.390781563    2.179333283    2.179333282    4.556467855
    5.410821643    2.058943198    2.058943196    4.496778682
    5.430861723    1.964638166    1.964638161    4.426068061
    5.450901804    1.918656116    1.918656108    4.368238983
    5.470941884    1.927478151    1.927478137    4.334301944
    5.490981964    1.973681143    1.973681121    4.313699322
    5.511022044    2.019847291    2.019847261    4.275741679
    5.531062124    2.027023524    2.027023489    4.218542220
    5.551102204    1.983639383    1.983639347    4.176407714
    5.571142285    1.921450346    1.921450311    4.176627289
    5.591182365    1.890109013    1.890108981    4.221433749
    5.611222445    1.917645458    1.917645428    4.306570412
    5.631262525    1.999866837    1.999866812    4.422370833
    5.651302605    2.113258296    2.113258276    4.525155438
    5.671342685    2.238056460    2.238056448    4.569810501
    5.691382766    2.361462161    2.361462156    4.557604940
    5.711422846    2.457588180    2.457588180    4.514700070
    5.731462926    2.503522648    2.503522651    4.478351918
    5.751503006    2.512751793    2.512751796    4.487891405
    5.771543086    2.518286321    2.518286322    4.537782669
    5.791583166    2.531000192    2.531000191    4.574720423
    5.811623246    2.534512392    2.534512388    4.545544653
    5.831663327    2.513214476    2.513214469    4.420213788
    5.851703407    2.466823530    2.466823521    4.201982301
    5.871743487    2.406919448    2.406919438    3.935077679
    5.891783567    2.352325783    2.352325773    3.679186929
    5.911823647    2.316213387    2.316213378    3.463951709
    5.931863727    2.298258042    2.298258035    3.297859886
    5.951903808    2.298847992    2.298847986    3.193572560
    5.971943888    2.326739139    2.326739134    3.143674527
    5.991983968    2.383047492    2.383047490    3.108851037
    6.012024048    2.453872298    2.453872299    3.056212414
    6.032064128    2.522248815    2.522248819    2.992140005
    6.052104208    2.565209415    2.565209422    2.935884621
    6.072144289    2.549246538    2.549246546    2.877394368
    6.092184369    2.459654074    2.459654080    2.796388533
    6.112224449    2.323713321    2.323713324    2.694384095
    6.132264529    2.189798375    2.189798376    2.567364245
    6.152304609    2.095066159    2.095066161    2.400934859
    6.172344689    2.056423964    2.056423969    2.212119202
    6.192384770    2.077223910    2.077223921    2.042961167
    6.212424850    2.147167194    2.147167211    1.921859934
    6.232464930    2.237371668    2.237371691    1.848290246
    6.252505010    2.309769979    2.309770007    1.800690546
    6.272545090    2.343234748    2.343234779    1.756924060
    6.292585170    2.346901614    2.346901648    1.708418538
    6.312625251    2.342951810    2.342951842    1.658169314
    6.332665331    2.340049092    2.340049121    1.617037319
    6.352705411    2.328985353    2.328985377    1.594932794
    6.372745491    2.304787837    2.304787854    1.584610681
    6.392785571    2.283572502    2.283572510    1.567727814
    6.412825651    2.282312993    2.282312993    1.540148506
    6.432865731    2.296537125    2.296537118    1.512556497
    6.452905812    2.309660828    2.309660820    1.496404363
    6.472945892    2.306486196    2.306486189    1.493485812
    6.492985972    2.273116718    2.273116714    1.492838147
    6.513026052    2.201337467    2.201337467    1.487818789
    6.533066132    2.098895801    2.098895804    1.481262663
    6.553106212    1.989198616    1.989198623    1.470384004
    6.573146293    1.898753959    1.898753971    1.440268114
    6.593186373    1.841550906    1.841550924    1.378562558
    6.613226453    1.809572751    1.809572774    1.300745718
    6.633266533    1.776557227    1.776557254    1.237983364
    6.653306613    1.722285621    1.722285649    1.205062161
    6.673346693    1.659750804    1.659750833    1.194993167
    6.693386774    1.622091442    1.622091473    1.188111247
    6.713426854    1.624825302    1.624825337    1.164188288
    6.733466934    1.652518578    1.652518619    1.116378933
    6.753507014    1.677257341    1.677257387    1.052115892
    6.773547094    1.681402648    1.681402700    0.985149219
    6.793587174    1.658014504    1.658014559    0.932294893
    6.813627255    1.606159293    1.606159346    0.908709938
    6.833667335    1.532685404    1.532685450    0.922030049
    6.853707415    1.450210197    1.450210232    0.970219224
    6.873747495    1.376050550    1.376050574    1.041356105
    6.893787575    1.328992239    1.328992254    1.116191483
    6.913827655    1.319126873    1.319126882    1.175502046
    6.933867735    1.340997865    1.340997871    1.210538163
    6.953907816    1.375452024    1.375452029    1.227495679
    6.973947896    1.397760743    1.397760750    1.241047119
    6.993987976    1.392241038    1.392241047    1.259010931
    7.014028056    1.367410724    1.367410735    1.272987590
    7.034068136    1.347939775    1.347939789    1.274678172
    7.054108216    1.348091128    1.348091147    1.270596545
    7.074148297    1.362593891    1.362593914    1.267688112
    7.094188377    1.374465379    1.374465404    1.263553020
    7.114228457    1.364495829    1.364495852    1.250641683
    7.134268537    1.330451348    1.330451366    1.219816915
    7.154308617    1.293188984    1.293188995    1.169181160
    7.174348697    1.274374489    1.274374495    1.112219878
    7.194388778    1.279655048    1.279655049    1.067001736
    7.214428858    1.297369308    1.297369304    1.038559727
    7.234468938    1.308056574    1.308056566    1.019819699
    7.254509018    1.303326784    1.303326772    1.003879305
    7.274549098    1.285971172    1.285971153    0.988956556
    7.294589178    1.260476672    1.260476646    0.976586283
    7.314629259    1.234332872    1.234332837    0.966818623
    7.334669339    1.210565997    1.210565955    0.957420309
    7.354709419    1.177906545    1.177906498    0.948491098
    7.374749499    1.119436730    1.119436684    0.940334890
    7.394789579    1.037159897    1.037159857    0.927386038
    7.414829659    0.953418897    0.953418864    0.906047713
    7.434869739    0.889563717    0.889563693    0.884984166
    7.454909820    0.855920452    0.855920434    0.874560624
    7.474949900    0.852908015    0.852908001    0.875710577
    7.494989980    0.876094990    0.876094980    0.886732355
    7.515030060    0.920086186    0.920086179    0.909473005
    7.535070140    0.976250264    0.976250259    0.942490363
    7.555110220    1.030239630    1.030239625    0.977703266
    7.575150301    1.068497193    1.068497188    1.009390010
    7.595190381    1.086430467    1.086430463    1.037312006
    7.615230461    1.087791424    1.087791420    1.056170209
    7.635270541    1.079090551    1.079090549    1.054387268
    7.655310621    1.066175183    1.066175184    1.032439616
    7.675350701    1.052405539    1.052405543    1.008089366
    7.695390782    1.037935122    1.037935129    0.998793538
    7.715430862    1.021991109    1.021991118    1.013638159
    7.735470942    1.004256709    1.004256718    1.057056103
    7.755511022    0.986540832    0.986540841    1.130062523
    7.775551102    0.971559689    0.971559697    1.225017054
    7.795591182    0.962299300    0.962299307    1.321981679
    7.815631263    0.958085795    0.958085801    1.398548298
    7.835671343    0.948594625    0.948594630    1.444638937
    7.855711423    0.923378484    0.923378488    1.469684597
    7.875751503    0.880674949    0.880674951    1.494048725
    7.895791583    0.828027614    0.828027615    1.528232136
    7.915831663    0.781185313    0.781185313    1.564057195
    7.935871743    0.753981162    0.753981162    1.589353657
    7.955911824    0.750231772    0.750231772    1.604397143
    7.975951904    0.764842511    0.764842510    1.612752382
    7.995991984    0.787168110    0.787168108    1.610325458
    8.016032064    0.806612673    0.806612670    1.596770101
    8.036072144    0.819015569    0.819015565    1.580715750
    8.056112224    0.825398552    0.825398548    1.569632867
    8.076152305    0.828152767    0.828152762    1.559139314
    8.096192385    0.831391282    0.831391278    1.538422265
    8.116232465    0.840127660    0.840127657    1.511364214
    8.136272545    0.858609846    0.858609844    1.497766437
    8.156312625    0.886320589    0.886320587    1.504957205
    8.176352705    0.916103763    0.916103761    1.519420969
    8.196392786    0.942382858    0.942382857    1.537070641
    8.216432866    0.964539656    0.964539657    1.577844575
    8.236472946    0.981617448    0.981617449    1.659904062
    8.256513026    0.993606262    0.993606262    1.775110632
    8.276553106    1.001137137    1.001137136    1.893314310
    8.296593186    0.998923298    0.998923294    1.984681363
    8.316633267    0.977618049    0.977618042    2.030402246
    8.336673347    0.934464202    0.934464194    2.028482829
    8.356713427    0.875136037    0.875136028    2.002910460
    8.376753507    0.808556106    0.808556097    1.984211657
    8.396793587    0.744838901    0.744838893    1.982601709
    8.416833667    0.692669056    0.692669047    1.998848189
    8.436873747    0.655162489    0.655162480    2.035253728
    8.456913828    0.630899347    0.630899338    2.088320553
    8.476953908    0.616715779    0.616715769    2.150203264
    8.496993988    0.608538365    0.608538356    2.212537673
    8.517034068    0.604460011    0.604460003    2.257278862
    8.537074148    0.604634156    0.604634150    2.265970545
    8.557114228    0.607488260    0.607488254    2.246865742
    8.577154309    0.608037599    0.608037594    2.220778309
    8.597194389    0.601573921    0.601573917    2.195501017
    8.617234469    0.591010568    0.591010565    2.171700272
    8.637274549    0.586701412    0.586701411    2.150420160
    8.657314629    0.597629415    0.597629417    2.127705662
    8.677354709    0.625396987    0.625396990    2.094885077
    8.697394790    0.665386748    0.665386753    2.055512524
    8.717434870    0.709703623    0.709703629    2.029433609
    8.737474950    0.747443800    0.747443807    2.029706251
    8.757515030    0.768811042    0.768811047    2.043289352
    8.777555110    0.771679150    0.771679155    2.036411743
    8.797595190    0.764854238    0.764854241    1.976542427
    8.817635271    0.765797495    0.765797498    1.853678423
    8.837675351    0.787682319    0.787682321    1.688565925
    8.857715431    0.829228999    0.829229000    1.524120247
    8.877755511    0.876496508    0.876496507    1.400677033
    8.897795591    0.914013111    0.914013108    1.334732050
    8.917835671    0.935691858    0.935691855    1.319105203
    8.937875752    0.946563715    0.946563712    1.335591760
    8.957915832    0.953733941    0.953733939    1.364181640
    8.977955912    0.960759493    0.960759494    1.383813667
    8.997995992    0.968841291    0.968841294    1.384278164
    9.018036072    0.977165483    0.977165489    1.378134486
    9.038076152    0.984431713    0.984431723    1.377976586
    9.058116232    0.990805824    0.990805836    1.377285721
    9.078156313    0.994001507    0.994001519    1.365622416
    9.098196393    0.990230948    0.990230959    1.339242831
    9.118236473    0.980124811    0.980124820    1.294999622
    9.138276553    0.967073227    0.967073232    1.236085228
    9.158316633    0.955005255    0.955005257    1.175929349
    9.178356713    0.946058556    0.946058556    1.124356582
    9.198396794    0.936556647    0.936556646    1.080755154
    9.218436874    0.918649028    0.918649026    1.042218909
    9.238476954    0.888479747    0.888479745    1.009519827
    9.258517034    0.850842686    0.850842685    0.984957033
    9.278557114    0.815577549    0.815577547    0.967916782
    9.298597194    0.792213975    0.792213973    0.951972130
    9.318637275    0.785190437    0.785190434    0.931805984
    9.338677355    0.790566204    0.790566202    0.914831222
    9.358717435    0.800892596    0.800892594    0.916029819
    9.378757515    0.814230611    0.814230609    0.944488434
    9.398797595    0.831919135    0.831919133    0.998916186
    9.418837675    0.848719977    0.848719974    1.068579204
    9.438877756    0.851775261    0.851775258    1.140979825
    9.458917836    0.835334954    0.835334951    1.217080976
    9.478957916    0.810354337    0.810354335    1.311568136
    9.498997996    0.792666955    0.792666953    1.431459783
    9.519038076    0.791783093    0.791783093    1.565368265
    9.539078156    0.808008810    0.808008811    1.698251640
    9.559118236    0.832850721    0.832850724    1.825604036
    9.579158317    0.856270145    0.856270150    1.943229021
    9.599198397    0.876348034    0.876348041    2.043598497
    9.619238477    0.898495134    0.898495142    2.133925700
    9.639278557    0.922173176    0.922173185    2.235270472
    9.659318637    0.935660617    0.935660627    2.354513376
    9.679358717    0.932370084    0.932370093    2.470620117
    9.699398798    0.921231514    0.921231522    2.547311415
    9.719438878    0.913540358    0.913540365    2.555910101
    9.739478958    0.913366183    0.913366190    2.495316391
    9.759519038    0.923120283    0.923120289    2.394239577
    9.779559118    0.943605524    0.943605529    2.286038961
    9.799599198    0.968058678    0.968058683    2.194983347
    9.819639279    0.985145237    0.985145241    2.148026327
    9.839679359    0.990476972    0.990476976    2.163806411
    9.859719439    0.989433768    0.989433770    2.239581827
    9.879759519    0.988522639    0.988522641    2.349906154
    9.899799599    0.994672018    0.994672019    2.448942055
    9.919839679    1.011448693    1.011448694    2.507266926
    9.939879760    1.030434079    1.030434079    2.537910256
    9.959919840    1.039135386    1.039135386    2.560332476
    9.979959920    1.033593911    1.033593910    2.581767835
   10.000000000    1.015768261    1.015768260    2.602883975
